7.494493E+01 7.400910E+01 6.626869E+01 6.626869E+01 6.626869E+01 6.626869E+01 6.626869E+01 6.626869E+01 6.626869E+01 6.626869E+01 6.626869E+01 6.626869E+01 6.626869E+01 6.626869E+01 6.626869E+01 6.626869E+01 
7.970885E+01 6.819006E+01 6.819006E+01 6.819006E+01 6.819006E+01 6.819006E+01 6.819006E+01 6.819006E+01 6.819006E+01 6.819006E+01 6.819006E+01 6.819006E+01 6.819006E+01 6.819006E+01 6.819006E+01 6.819006E+01 
6.772001E+01 6.772001E+01 6.772001E+01 6.772001E+01 6.772001E+01 6.772001E+01 6.772001E+01 6.772001E+01 6.772001E+01 6.772001E+01 6.772001E+01 6.772001E+01 6.772001E+01 6.772001E+01 6.772001E+01 6.772001E+01 
7.170064E+01 6.943270E+01 6.943270E+01 6.943270E+01 6.943270E+01 6.943270E+01 6.943270E+01 6.943270E+01 6.943270E+01 6.943270E+01 6.943270E+01 6.943270E+01 6.943270E+01 6.943270E+01 6.943270E+01 6.943270E+01 
8.424234E+01 8.424234E+01 8.424234E+01 8.424234E+01 8.424234E+01 8.424234E+01 8.424234E+01 8.424234E+01 8.424234E+01 8.424234E+01 8.424234E+01 8.424234E+01 8.424234E+01 8.424234E+01 8.424234E+01 8.424234E+01 
7.593849E+01 7.593849E+01 7.593849E+01 7.593849E+01 7.593849E+01 7.593849E+01 7.593849E+01 7.593849E+01 7.593849E+01 7.593849E+01 7.593849E+01 7.593849E+01 7.593849E+01 7.593849E+01 7.593849E+01 7.593849E+01 
8.695970E+01 7.940364E+01 7.940364E+01 7.940364E+01 7.940364E+01 7.940364E+01 7.940364E+01 7.940364E+01 7.940364E+01 7.940364E+01 7.940364E+01 7.940364E+01 7.940364E+01 7.940364E+01 7.940364E+01 7.940364E+01 
5.957209E+01 5.957209E+01 5.957209E+01 5.957209E+01 5.957209E+01 5.957209E+01 5.957209E+01 5.957209E+01 5.957209E+01 5.957209E+01 5.957209E+01 5.957209E+01 5.957209E+01 5.957209E+01 5.957209E+01 5.957209E+01 
7.645178E+01 7.645178E+01 7.645178E+01 7.645178E+01 7.645178E+01 7.645178E+01 7.645178E+01 7.645178E+01 7.645178E+01 7.645178E+01 7.645178E+01 7.645178E+01 7.645178E+01 7.645178E+01 7.645178E+01 7.645178E+01 
7.259212E+01 6.917148E+01 6.917148E+01 6.917148E+01 6.917148E+01 6.917148E+01 6.917148E+01 6.917148E+01 6.917148E+01 6.917148E+01 6.917148E+01 6.917148E+01 6.917148E+01 6.917148E+01 6.917148E+01 6.917148E+01 
8.476587E+01 6.935563E+01 6.536570E+01 6.536570E+01 6.536570E+01 6.536570E+01 6.536570E+01 6.536570E+01 6.536570E+01 6.536570E+01 6.536570E+01 6.536570E+01 6.536570E+01 6.536570E+01 6.536570E+01 6.536570E+01 
8.354814E+01 7.613089E+01 7.613089E+01 7.613089E+01 7.613089E+01 7.613089E+01 7.613089E+01 7.613089E+01 7.613089E+01 7.613089E+01 7.613089E+01 7.613089E+01 7.613089E+01 7.613089E+01 7.613089E+01 7.613089E+01 
7.406967E+01 7.406967E+01 7.406967E+01 7.406967E+01 7.406967E+01 7.406967E+01 7.406967E+01 7.406967E+01 7.406967E+01 7.406967E+01 7.406967E+01 7.406967E+01 7.406967E+01 7.406967E+01 7.406967E+01 7.406967E+01 
8.119845E+01 7.463053E+01 7.463053E+01 7.463053E+01 7.463053E+01 7.463053E+01 7.463053E+01 7.463053E+01 7.463053E+01 7.463053E+01 7.463053E+01 7.463053E+01 7.463053E+01 7.463053E+01 7.463053E+01 7.463053E+01 
7.732703E+01 7.202265E+01 7.202265E+01 7.202265E+01 7.202265E+01 7.202265E+01 7.202265E+01 7.202265E+01 7.202265E+01 7.202265E+01 7.202265E+01 7.202265E+01 7.202265E+01 7.202265E+01 7.202265E+01 7.202265E+01 
7.522564E+01 7.012505E+01 7.012505E+01 7.012505E+01 7.012505E+01 7.012505E+01 7.012505E+01 7.012505E+01 7.012505E+01 7.012505E+01 7.012505E+01 7.012505E+01 7.012505E+01 7.012505E+01 7.012505E+01 7.012505E+01 
7.980476E+01 7.868066E+01 7.868066E+01 7.868066E+01 7.868066E+01 7.868066E+01 7.868066E+01 7.868066E+01 7.868066E+01 7.868066E+01 7.868066E+01 7.868066E+01 7.868066E+01 7.868066E+01 7.868066E+01 7.868066E+01 
7.038463E+01 7.038463E+01 7.038463E+01 7.038463E+01 7.038463E+01 7.038463E+01 7.038463E+01 7.038463E+01 7.038463E+01 7.038463E+01 7.038463E+01 7.038463E+01 7.038463E+01 7.038463E+01 7.038463E+01 7.038463E+01 
7.565317E+01 7.008380E+01 7.008380E+01 7.008380E+01 7.008380E+01 7.008380E+01 7.008380E+01 7.008380E+01 7.008380E+01 7.008380E+01 7.008380E+01 7.008380E+01 7.008380E+01 7.008380E+01 7.008380E+01 7.008380E+01 
6.996057E+01 6.996057E+01 6.996057E+01 6.996057E+01 6.996057E+01 6.996057E+01 6.996057E+01 6.996057E+01 6.996057E+01 6.996057E+01 6.996057E+01 6.996057E+01 6.996057E+01 6.996057E+01 6.996057E+01 6.996057E+01 
8.566416E+01 8.107268E+01 8.107268E+01 8.107268E+01 8.107268E+01 8.107268E+01 8.107268E+01 8.107268E+01 8.107268E+01 8.107268E+01 8.107268E+01 8.107268E+01 8.107268E+01 8.107268E+01 8.107268E+01 8.107268E+01 
8.181550E+01 6.710244E+01 6.710244E+01 6.710244E+01 6.710244E+01 6.710244E+01 6.710244E+01 6.710244E+01 6.710244E+01 6.710244E+01 6.710244E+01 6.710244E+01 6.710244E+01 6.710244E+01 6.710244E+01 6.710244E+01 
7.048928E+01 7.048928E+01 7.048928E+01 7.048928E+01 7.048928E+01 7.048928E+01 7.048928E+01 7.048928E+01 7.048928E+01 7.048928E+01 7.048928E+01 7.048928E+01 7.048928E+01 7.048928E+01 7.048928E+01 7.048928E+01 
7.721461E+01 7.721461E+01 6.684402E+01 6.684402E+01 6.684402E+01 6.684402E+01 6.684402E+01 6.684402E+01 6.684402E+01 6.684402E+01 6.684402E+01 6.684402E+01 6.684402E+01 6.684402E+01 6.684402E+01 6.684402E+01 
6.673164E+01 6.423798E+01 6.423798E+01 6.423798E+01 6.423798E+01 6.423798E+01 6.423798E+01 6.423798E+01 6.423798E+01 6.423798E+01 6.423798E+01 6.423798E+01 6.423798E+01 6.423798E+01 6.423798E+01 6.423798E+01 
7.616249E+01 7.616249E+01 7.616249E+01 7.616249E+01 7.616249E+01 7.616249E+01 7.616249E+01 7.616249E+01 7.616249E+01 7.616249E+01 7.616249E+01 7.616249E+01 7.616249E+01 7.616249E+01 7.616249E+01 7.616249E+01 
6.235575E+01 6.235575E+01 6.235575E+01 6.235575E+01 6.235575E+01 6.235575E+01 6.235575E+01 6.235575E+01 6.235575E+01 6.235575E+01 6.235575E+01 6.235575E+01 6.235575E+01 6.235575E+01 6.235575E+01 6.235575E+01 
7.720685E+01 7.720685E+01 7.720685E+01 7.720685E+01 7.720685E+01 7.720685E+01 7.720685E+01 7.720685E+01 7.720685E+01 7.720685E+01 7.720685E+01 7.720685E+01 7.720685E+01 7.720685E+01 7.720685E+01 7.720685E+01 
8.879378E+01 6.753671E+01 6.207915E+01 6.207915E+01 6.207915E+01 6.207915E+01 6.207915E+01 6.207915E+01 6.207915E+01 6.207915E+01 6.207915E+01 6.207915E+01 6.207915E+01 6.207915E+01 6.207915E+01 6.207915E+01 
7.793601E+01 7.630878E+01 7.620415E+01 7.620415E+01 7.620415E+01 7.620415E+01 7.620415E+01 7.620415E+01 7.620415E+01 7.620415E+01 7.620415E+01 7.620415E+01 7.620415E+01 7.620415E+01 7.620415E+01 7.620415E+01 
