1.119789E+02 1.002211E+02 9.403492E+01 6.097358E+01 5.603787E+01 4.476490E+01 2.870173E+01 2.621059E+01 2.591807E+01 2.586882E+01 2.583733E+01 2.582703E+01 2.582628E+01 2.582623E+01 2.582623E+01 2.582623E+01 
1.069131E+02 1.069131E+02 8.242375E+01 8.242375E+01 8.044285E+01 4.798380E+01 3.295539E+01 2.156620E+01 2.138981E+01 2.125792E+01 2.118536E+01 2.116367E+01 2.116222E+01 2.116213E+01 2.116213E+01 2.116213E+01 
1.169038E+02 1.088965E+02 7.346638E+01 6.278661E+01 6.182302E+01 3.933742E+01 2.778386E+01 2.593139E+01 2.577101E+01 2.568358E+01 2.555911E+01 2.552722E+01 2.552403E+01 2.552394E+01 2.552394E+01 2.552394E+01 
1.171531E+02 1.023262E+02 8.753261E+01 6.508524E+01 5.626307E+01 4.051630E+01 2.358561E+01 1.905096E+01 1.864495E+01 1.854559E+01 1.841645E+01 1.839910E+01 1.839759E+01 1.839752E+01 1.839752E+01 1.839752E+01 
1.255970E+02 1.255970E+02 9.364070E+01 7.377460E+01 6.293174E+01 4.873039E+01 3.587968E+01 2.867063E+01 2.854674E+01 2.852999E+01 2.848336E+01 2.847220E+01 2.847111E+01 2.847101E+01 2.847101E+01 2.847101E+01 
1.187786E+02 1.084522E+02 8.651698E+01 6.954691E+01 5.557287E+01 3.829926E+01 2.583943E+01 1.998042E+01 1.970114E+01 1.966555E+01 1.962712E+01 1.962427E+01 1.962419E+01 1.962419E+01 1.962419E+01 1.962419E+01 
1.167440E+02 9.150079E+01 9.150079E+01 7.910811E+01 5.555931E+01 3.611111E+01 2.130892E+01 1.783946E+01 1.760619E+01 1.757827E+01 1.757323E+01 1.757293E+01 1.757292E+01 1.757292E+01 1.757292E+01 1.757292E+01 
1.054926E+02 1.051277E+02 9.218705E+01 9.170294E+01 6.960073E+01 5.367878E+01 3.696502E+01 2.907653E+01 2.789120E+01 2.744898E+01 2.722457E+01 2.721620E+01 2.721532E+01 2.721514E+01 2.721514E+01 2.721514E+01 
1.469775E+02 1.272067E+02 1.148009E+02 8.382713E+01 6.509558E+01 4.508539E+01 3.138846E+01 2.621113E+01 2.589847E+01 2.582574E+01 2.579233E+01 2.576069E+01 2.575874E+01 2.575870E+01 2.575870E+01 2.575870E+01 
1.212494E+02 1.212494E+02 1.081775E+02 6.263781E+01 5.924193E+01 5.052004E+01 4.016358E+01 2.940904E+01 2.820685E+01 2.766237E+01 2.759028E+01 2.757885E+01 2.757827E+01 2.757825E+01 2.757825E+01 2.757825E+01 
1.102740E+02 1.075582E+02 9.619876E+01 8.719026E+01 6.379545E+01 3.778873E+01 2.149482E+01 1.442041E+01 1.387723E+01 1.387237E+01 1.387101E+01 1.386977E+01 1.386969E+01 1.386969E+01 1.386969E+01 1.386969E+01 
1.119470E+02 1.100474E+02 9.941960E+01 7.673622E+01 6.125741E+01 5.080248E+01 3.237544E+01 2.362167E+01 2.128984E+01 2.110822E+01 2.107726E+01 2.107458E+01 2.107451E+01 2.107450E+01 2.107450E+01 2.107450E+01 
1.231336E+02 1.137419E+02 8.916251E+01 8.484651E+01 8.118790E+01 4.393572E+01 3.118007E+01 2.889256E+01 2.875144E+01 2.864789E+01 2.862842E+01 2.861723E+01 2.861647E+01 2.861642E+01 2.861642E+01 2.861642E+01 
1.072319E+02 9.082281E+01 8.061137E+01 6.342727E+01 4.707466E+01 4.397650E+01 3.149473E+01 2.530799E+01 2.525433E+01 2.523420E+01 2.518101E+01 2.516122E+01 2.515825E+01 2.515821E+01 2.515821E+01 2.515821E+01 
1.274724E+02 1.274724E+02 1.017812E+02 7.047347E+01 4.539117E+01 2.880936E+01 2.283707E+01 1.780867E+01 1.775416E+01 1.773048E+01 1.771807E+01 1.771444E+01 1.771409E+01 1.771408E+01 1.771408E+01 1.771408E+01 
1.152524E+02 8.380057E+01 8.043434E+01 6.831040E+01 4.984030E+01 3.825557E+01 2.286359E+01 2.163663E+01 2.146860E+01 2.137390E+01 2.107049E+01 2.099051E+01 2.098266E+01 2.098194E+01 2.098194E+01 2.098194E+01 
1.113241E+02 9.774666E+01 9.774666E+01 8.349810E+01 5.938051E+01 3.817767E+01 2.648516E+01 2.251199E+01 2.209895E+01 2.148059E+01 2.101756E+01 2.094562E+01 2.093849E+01 2.093846E+01 2.093846E+01 2.093846E+01 
1.296679E+02 1.083841E+02 7.637095E+01 7.637095E+01 6.153695E+01 4.445231E+01 3.429934E+01 2.955517E+01 2.905118E+01 2.900192E+01 2.898889E+01 2.898755E+01 2.898743E+01 2.898742E+01 2.898742E+01 2.898742E+01 
1.121941E+02 1.121941E+02 8.350467E+01 5.543069E+01 5.543069E+01 4.314774E+01 2.490318E+01 2.208946E+01 2.188430E+01 2.184468E+01 2.183130E+01 2.183021E+01 2.183017E+01 2.183017E+01 2.183017E+01 2.183017E+01 
1.197975E+02 9.063555E+01 8.646542E+01 8.073805E+01 7.788828E+01 6.876000E+01 5.529195E+01 4.254028E+01 4.141772E+01 4.138984E+01 4.137774E+01 4.137677E+01 4.137675E+01 4.137674E+01 4.137674E+01 4.137674E+01 
1.287297E+02 1.041900E+02 9.245253E+01 8.039904E+01 7.435773E+01 4.893008E+01 2.756930E+01 2.034399E+01 1.971142E+01 1.910369E+01 1.892029E+01 1.891565E+01 1.891554E+01 1.891554E+01 1.891554E+01 1.891554E+01 
1.346993E+02 1.180915E+02 9.146480E+01 8.021046E+01 5.997639E+01 4.095180E+01 3.082247E+01 2.577175E+01 2.574097E+01 2.570679E+01 2.564881E+01 2.561956E+01 2.561699E+01 2.561695E+01 2.561695E+01 2.561695E+01 
9.860670E+01 7.937542E+01 7.158575E+01 6.657443E+01 5.503851E+01 3.435961E+01 2.164462E+01 2.004214E+01 1.985718E+01 1.979229E+01 1.975804E+01 1.975184E+01 1.974992E+01 1.974990E+01 1.974990E+01 1.974990E+01 
1.012085E+02 1.012085E+02 7.962062E+01 6.680626E+01 4.962304E+01 3.827232E+01 3.252787E+01 2.899444E+01 2.749479E+01 2.711442E+01 2.702540E+01 2.697127E+01 2.693646E+01 2.693640E+01 2.693640E+01 2.693640E+01 
1.165602E+02 9.377877E+01 6.624646E+01 6.311904E+01 5.643764E+01 4.777374E+01 3.166752E+01 2.439478E+01 2.416172E+01 2.409978E+01 2.406048E+01 2.404723E+01 2.404645E+01 2.404645E+01 2.404645E+01 2.404645E+01 
1.303407E+02 7.642625E+01 7.642625E+01 4.833675E+01 4.346824E+01 3.847706E+01 2.485549E+01 2.131628E+01 2.009228E+01 1.903710E+01 1.867310E+01 1.857238E+01 1.854717E+01 1.854442E+01 1.854442E+01 1.854442E+01 
8.872699E+01 8.134791E+01 7.262454E+01 4.600922E+01 3.511691E+01 1.936442E+01 1.698692E+01 1.481705E+01 1.467069E+01 1.460043E+01 1.418132E+01 1.413998E+01 1.413756E+01 1.413753E+01 1.413753E+01 1.413753E+01 
1.227762E+02 1.062768E+02 8.144833E+01 6.292960E+01 4.448975E+01 3.748580E+01 2.095476E+01 1.713761E+01 1.633140E+01 1.629614E+01 1.622403E+01 1.614031E+01 1.613769E+01 1.613766E+01 1.613766E+01 1.613766E+01 
1.199074E+02 1.127889E+02 7.929841E+01 5.840024E+01 4.827397E+01 3.658770E+01 2.822201E+01 2.208869E+01 2.120868E+01 2.096878E+01 2.090182E+01 2.085043E+01 2.084932E+01 2.084927E+01 2.084927E+01 2.084927E+01 
1.336647E+02 1.070079E+02 9.939786E+01 6.353369E+01 4.231274E+01 3.135457E+01 1.905241E+01 1.303114E+01 1.296561E+01 1.295447E+01 1.291616E+01 1.288336E+01 1.288037E+01 1.288029E+01 1.288029E+01 1.288029E+01 
