2.285174E+03 1.773559E+03 1.121761E+03 6.708109E+02 5.123831E+02 4.042971E+02 3.790938E+02 3.675691E+02 3.368501E+02 2.944520E+02 2.757343E+02 2.609497E+02 2.568232E+02 2.568113E+02 2.568113E+02 2.568113E+02 
1.357808E+03 1.216801E+03 8.032138E+02 5.922477E+02 3.233683E+02 2.722305E+02 2.478667E+02 2.293071E+02 2.174572E+02 2.018522E+02 1.961043E+02 1.928877E+02 1.924963E+02 1.924962E+02 1.924962E+02 1.924962E+02 
7.408076E+02 6.287621E+02 6.287621E+02 4.318479E+02 3.980914E+02 3.688959E+02 3.032643E+02 2.832392E+02 2.582164E+02 2.350995E+02 2.164592E+02 2.112959E+02 2.102628E+02 2.102572E+02 2.102572E+02 2.102572E+02 
1.266736E+03 1.138453E+03 5.934133E+02 5.659931E+02 4.279139E+02 3.392552E+02 2.880365E+02 2.591677E+02 2.332075E+02 2.166371E+02 1.968396E+02 1.937180E+02 1.933297E+02 1.933265E+02 1.933265E+02 1.933265E+02 
1.135537E+03 9.062117E+02 7.506324E+02 4.882729E+02 4.341576E+02 3.437444E+02 2.927876E+02 2.649159E+02 2.425233E+02 2.153605E+02 2.055942E+02 2.001261E+02 1.994442E+02 1.994035E+02 1.994035E+02 1.994035E+02 
1.978927E+03 1.512979E+03 1.034457E+03 5.247110E+02 3.464707E+02 2.260447E+02 2.066099E+02 1.998855E+02 1.913344E+02 1.866977E+02 1.834496E+02 1.829004E+02 1.828755E+02 1.828754E+02 1.828754E+02 1.828754E+02 
1.880012E+03 1.517172E+03 8.419189E+02 6.049413E+02 4.580589E+02 3.946760E+02 3.311843E+02 2.935728E+02 2.727958E+02 2.546265E+02 2.402056E+02 2.356062E+02 2.334117E+02 2.334114E+02 2.334114E+02 2.334114E+02 
2.019586E+03 1.876831E+03 1.245479E+03 6.821651E+02 3.736965E+02 2.675104E+02 2.298629E+02 2.214275E+02 2.083901E+02 1.994391E+02 1.952219E+02 1.923995E+02 1.918930E+02 1.918904E+02 1.918904E+02 1.918904E+02 
1.217367E+03 1.162547E+03 8.835399E+02 5.633492E+02 4.374554E+02 4.056374E+02 3.857296E+02 3.692929E+02 3.464181E+02 2.935973E+02 2.720533E+02 2.607836E+02 2.578061E+02 2.578051E+02 2.578051E+02 2.578051E+02 
2.217880E+03 1.329964E+03 5.899671E+02 4.617066E+02 3.821115E+02 2.988546E+02 2.686095E+02 2.633646E+02 2.471504E+02 2.387614E+02 2.205664E+02 2.028643E+02 2.008818E+02 2.008814E+02 2.008814E+02 2.008814E+02 
8.948603E+02 7.554402E+02 7.269278E+02 5.347301E+02 4.329531E+02 3.361517E+02 3.062351E+02 2.982197E+02 2.804011E+02 2.579516E+02 2.447800E+02 2.360593E+02 2.337781E+02 2.337776E+02 2.337776E+02 2.337776E+02 
1.499875E+03 1.079775E+03 3.666142E+02 3.528061E+02 2.564769E+02 2.196899E+02 1.990525E+02 1.938249E+02 1.863990E+02 1.832453E+02 1.815887E+02 1.814358E+02 1.814119E+02 1.814031E+02 1.814031E+02 1.814031E+02 
1.385399E+03 1.038627E+03 5.113240E+02 3.753140E+02 3.172832E+02 2.694112E+02 2.167717E+02 1.994844E+02 1.906731E+02 1.855114E+02 1.821041E+02 1.818563E+02 1.818196E+02 1.818189E+02 1.818189E+02 1.818189E+02 
1.594261E+03 1.022760E+03 8.977978E+02 5.313505E+02 3.736451E+02 2.377808E+02 2.022122E+02 1.900421E+02 1.848170E+02 1.824739E+02 1.811828E+02 1.809839E+02 1.809711E+02 1.809702E+02 1.809702E+02 1.809702E+02 
9.630595E+02 5.651027E+02 4.857326E+02 3.410710E+02 2.630640E+02 2.476337E+02 2.250419E+02 2.171851E+02 2.070676E+02 1.978067E+02 1.929390E+02 1.905240E+02 1.895188E+02 1.894865E+02 1.894865E+02 1.894865E+02 
1.331806E+03 1.199797E+03 5.458549E+02 4.149213E+02 3.609914E+02 2.670059E+02 2.133144E+02 1.965984E+02 1.849470E+02 1.816578E+02 1.811640E+02 1.810756E+02 1.810688E+02 1.810688E+02 1.810688E+02 1.810688E+02 
1.821835E+03 1.576915E+03 9.282936E+02 5.999823E+02 4.034299E+02 3.512828E+02 2.666026E+02 2.470022E+02 2.288317E+02 2.113954E+02 1.968959E+02 1.929678E+02 1.908857E+02 1.908852E+02 1.908852E+02 1.908852E+02 
1.353990E+03 1.283934E+03 1.103701E+03 6.427020E+02 5.158318E+02 4.636402E+02 2.456847E+02 2.273475E+02 2.095840E+02 1.935145E+02 1.877123E+02 1.864325E+02 1.861770E+02 1.861323E+02 1.861323E+02 1.861323E+02 
9.089010E+02 6.579221E+02 5.236279E+02 4.296072E+02 3.639099E+02 2.941252E+02 2.184219E+02 2.009461E+02 1.920621E+02 1.868347E+02 1.848538E+02 1.844008E+02 1.843404E+02 1.843402E+02 1.843402E+02 1.843402E+02 
1.771462E+03 9.612273E+02 8.266197E+02 6.213435E+02 4.612494E+02 3.855511E+02 3.414849E+02 3.082106E+02 2.617710E+02 2.259353E+02 2.007389E+02 1.963615E+02 1.955329E+02 1.955317E+02 1.955317E+02 1.955317E+02 
1.055567E+03 9.996249E+02 8.389430E+02 7.212913E+02 5.482265E+02 5.094092E+02 4.441278E+02 4.222572E+02 3.971807E+02 3.893122E+02 3.835814E+02 3.737526E+02 3.730282E+02 3.730277E+02 3.730277E+02 3.730277E+02 
1.246648E+03 8.885829E+02 7.911235E+02 4.841833E+02 2.981114E+02 2.457479E+02 2.030051E+02 1.971530E+02 1.886853E+02 1.827750E+02 1.815262E+02 1.813256E+02 1.813178E+02 1.813178E+02 1.813178E+02 1.813178E+02 
1.219290E+03 1.064074E+03 7.263257E+02 4.637111E+02 3.528364E+02 3.254033E+02 2.412463E+02 2.217269E+02 2.060048E+02 1.975940E+02 1.940300E+02 1.915721E+02 1.909455E+02 1.909441E+02 1.909441E+02 1.909441E+02 
2.027949E+03 1.053651E+03 7.081009E+02 4.699940E+02 3.349606E+02 2.928796E+02 2.336249E+02 2.184989E+02 2.069286E+02 1.926898E+02 1.860304E+02 1.843411E+02 1.841614E+02 1.841613E+02 1.841613E+02 1.841613E+02 
1.665129E+03 1.221782E+03 5.875249E+02 4.141027E+02 3.513878E+02 2.555991E+02 2.145901E+02 2.018410E+02 1.913584E+02 1.855225E+02 1.837222E+02 1.830760E+02 1.828109E+02 1.828072E+02 1.828072E+02 1.828072E+02 
1.753995E+03 1.341119E+03 1.003113E+03 4.591443E+02 2.847886E+02 2.585740E+02 2.411902E+02 2.309039E+02 2.181625E+02 2.018193E+02 1.931774E+02 1.914366E+02 1.911708E+02 1.911668E+02 1.911668E+02 1.911668E+02 
1.385383E+03 1.001890E+03 5.291808E+02 4.859576E+02 3.395781E+02 2.599880E+02 2.004024E+02 1.900960E+02 1.838321E+02 1.817391E+02 1.811102E+02 1.809572E+02 1.809350E+02 1.809347E+02 1.809347E+02 1.809347E+02 
1.311245E+03 1.200550E+03 6.112199E+02 4.708986E+02 3.604926E+02 2.880759E+02 2.302016E+02 2.123057E+02 1.965819E+02 1.874923E+02 1.844520E+02 1.830184E+02 1.829273E+02 1.829271E+02 1.829271E+02 1.829271E+02 
1.230045E+03 9.860172E+02 7.032973E+02 4.372645E+02 3.393178E+02 2.217264E+02 1.966777E+02 1.904649E+02 1.856467E+02 1.827450E+02 1.819998E+02 1.818493E+02 1.818215E+02 1.818215E+02 1.818215E+02 1.818215E+02 
1.314757E+03 9.881478E+02 8.217838E+02 4.081797E+02 3.435532E+02 2.548444E+02 2.083895E+02 1.898193E+02 1.832698E+02 1.813902E+02 1.809085E+02 1.808561E+02 1.808487E+02 1.808483E+02 1.808483E+02 1.808483E+02 
