4.146343E+03 4.146343E+03 4.146343E+03 3.683147E+03 1.786400E+03 7.772967E+02 7.772967E+02 7.772967E+02 7.772967E+02 7.772967E+02 7.772967E+02 7.772967E+02 7.772967E+02 7.772967E+02 7.772967E+02 6.227654E+02 
2.649029E+03 2.649029E+03 2.649029E+03 2.649029E+03 1.759236E+03 1.759236E+03 1.759236E+03 1.529946E+03 1.529946E+03 1.529946E+03 1.529946E+03 1.529946E+03 5.763365E+02 5.763365E+02 5.763365E+02 5.763365E+02 
3.728552E+03 3.728552E+03 2.693558E+03 2.693558E+03 2.693558E+03 2.693558E+03 1.580807E+03 1.580807E+03 1.194580E+03 1.194580E+03 1.194580E+03 1.194580E+03 1.194580E+03 1.066739E+03 1.066739E+03 1.066739E+03 
3.990792E+03 3.990792E+03 3.990792E+03 2.771134E+03 2.771134E+03 1.968637E+03 1.900913E+03 1.715073E+03 1.715073E+03 1.276595E+03 1.276595E+03 1.276595E+03 7.692524E+02 7.692524E+02 7.692524E+02 7.692524E+02 
3.051842E+03 2.576759E+03 2.576759E+03 2.576759E+03 2.576759E+03 2.576759E+03 1.613370E+03 3.840838E+02 3.840838E+02 3.840838E+02 3.840838E+02 3.840838E+02 3.840838E+02 3.840838E+02 3.840838E+02 3.840838E+02 
2.326022E+03 2.326022E+03 2.326022E+03 1.473697E+03 1.473697E+03 1.473697E+03 1.013707E+03 1.013707E+03 1.013707E+03 1.013707E+03 1.013707E+03 7.932585E+02 7.932585E+02 7.932585E+02 7.932585E+02 7.932585E+02 
5.522484E+02 5.522484E+02 5.522484E+02 5.522484E+02 5.522484E+02 5.522484E+02 5.522484E+02 5.522484E+02 5.522484E+02 5.522484E+02 5.522484E+02 5.522484E+02 5.522484E+02 5.522484E+02 5.522484E+02 5.522484E+02 
2.392448E+03 2.392448E+03 2.392448E+03 1.553118E+03 1.553118E+03 1.553118E+03 1.553118E+03 1.003986E+03 9.316485E+02 9.316485E+02 9.316485E+02 9.316485E+02 7.699849E+02 7.699849E+02 7.699849E+02 7.699849E+02 
2.553729E+03 2.553729E+03 2.553729E+03 2.435660E+03 1.012601E+03 1.012601E+03 1.012601E+03 1.012601E+03 1.012601E+03 9.222321E+02 9.222321E+02 9.222321E+02 9.222321E+02 9.222321E+02 9.222321E+02 7.481008E+02 
1.576319E+03 1.576319E+03 1.576319E+03 1.576319E+03 1.576319E+03 1.576319E+03 1.576319E+03 1.576319E+03 1.398818E+03 1.335415E+03 1.233083E+03 1.233083E+03 9.818372E+02 9.818372E+02 9.818372E+02 4.782890E+02 
3.957571E+03 3.957571E+03 2.808115E+03 2.808115E+03 2.386892E+03 2.083489E+03 1.213764E+03 1.213764E+03 1.213764E+03 7.487449E+02 7.487449E+02 7.487449E+02 7.487449E+02 7.487449E+02 7.487449E+02 7.487449E+02 
2.208686E+03 2.208686E+03 1.525080E+03 1.160109E+03 1.036046E+03 1.036046E+03 1.036046E+03 1.036046E+03 7.453345E+02 7.453345E+02 7.453345E+02 7.453345E+02 7.453345E+02 7.453345E+02 7.453345E+02 7.453345E+02 
3.078870E+03 2.725609E+03 2.725609E+03 2.725609E+03 2.725609E+03 1.450139E+03 7.119986E+02 7.119986E+02 7.119986E+02 7.119986E+02 7.119986E+02 7.119986E+02 7.119986E+02 7.119986E+02 7.119986E+02 3.870215E+02 
2.486705E+03 2.486705E+03 2.486705E+03 2.100308E+03 1.626980E+03 1.626980E+03 1.626980E+03 1.548031E+03 1.286397E+03 1.147452E+03 1.147452E+03 9.759776E+02 9.759776E+02 9.759776E+02 9.759776E+02 9.759776E+02 
2.130161E+03 2.130161E+03 2.130161E+03 1.700741E+03 1.700741E+03 1.700741E+03 1.700741E+03 1.549105E+03 6.686728E+02 6.686728E+02 6.686728E+02 6.686728E+02 6.686728E+02 6.686728E+02 6.686728E+02 6.686728E+02 
2.494203E+03 2.494203E+03 2.494203E+03 2.494203E+03 1.869410E+03 1.869410E+03 1.869410E+03 3.988998E+02 3.988998E+02 3.988998E+02 3.988998E+02 3.988998E+02 3.988998E+02 3.988998E+02 3.988998E+02 3.988998E+02 
2.648017E+03 2.648017E+03 2.648017E+03 2.648017E+03 2.197614E+03 1.115653E+03 1.115653E+03 1.115653E+03 1.115653E+03 1.115653E+03 1.115653E+03 1.115653E+03 1.115653E+03 6.039038E+02 5.487164E+02 5.487164E+02 
1.560579E+03 1.560579E+03 1.560579E+03 1.560579E+03 1.560579E+03 1.560579E+03 1.560579E+03 1.560579E+03 1.560579E+03 1.560579E+03 1.560579E+03 1.141066E+03 1.141066E+03 1.141066E+03 1.141066E+03 8.854240E+02 
2.660823E+03 2.660823E+03 2.660823E+03 2.660823E+03 2.660823E+03 1.591052E+03 1.591052E+03 9.643488E+02 9.643488E+02 9.643488E+02 9.643488E+02 7.779508E+02 3.258405E+02 3.258405E+02 3.258405E+02 3.258405E+02 
3.496871E+03 3.171034E+03 2.551019E+03 1.836928E+03 1.836928E+03 1.836928E+03 1.495260E+03 1.495260E+03 1.495260E+03 1.495260E+03 1.495260E+03 1.439098E+03 1.439098E+03 1.410727E+03 1.042562E+03 8.865100E+02 
2.236718E+03 2.236718E+03 2.236718E+03 2.236718E+03 1.723589E+03 9.907456E+02 9.907456E+02 9.907456E+02 9.907456E+02 9.907456E+02 6.216153E+02 6.216153E+02 6.216153E+02 6.216153E+02 3.942925E+02 3.942925E+02 
1.988267E+03 1.988267E+03 1.988267E+03 1.988267E+03 1.988267E+03 1.988267E+03 1.988267E+03 1.433041E+03 1.433041E+03 1.433041E+03 1.433041E+03 1.343789E+03 1.343789E+03 1.343789E+03 1.160028E+03 9.968634E+02 
2.463793E+03 2.463793E+03 2.463793E+03 2.381759E+03 2.215853E+03 2.215853E+03 2.108655E+03 1.009378E+03 6.656051E+02 6.656051E+02 6.656051E+02 6.656051E+02 6.656051E+02 6.656051E+02 6.656051E+02 6.656051E+02 
4.015381E+03 3.281713E+03 3.281713E+03 2.320301E+03 2.320301E+03 2.017013E+03 2.017013E+03 6.034106E+02 6.034106E+02 6.034106E+02 6.034106E+02 6.034106E+02 6.034106E+02 6.034106E+02 4.766221E+02 4.211173E+02 
4.044934E+03 4.044934E+03 4.044934E+03 4.044934E+03 2.770197E+03 2.770197E+03 2.440427E+03 1.935423E+03 1.935423E+03 1.935423E+03 1.935423E+03 1.626370E+03 1.626370E+03 1.334068E+03 1.004805E+03 8.086218E+02 
2.341715E+03 2.341715E+03 2.341715E+03 2.341715E+03 1.149763E+03 1.149763E+03 1.149763E+03 1.149763E+03 6.155008E+02 6.155008E+02 6.155008E+02 6.155008E+02 6.155008E+02 6.155008E+02 6.155008E+02 6.155008E+02 
2.301039E+03 2.301039E+03 1.197870E+03 1.099357E+03 1.099357E+03 1.099357E+03 1.099357E+03 1.099357E+03 1.099357E+03 1.081182E+03 1.081182E+03 1.081182E+03 1.081182E+03 7.408405E+02 7.408405E+02 4.645777E+02 
3.526474E+03 3.526474E+03 3.526474E+03 3.526474E+03 2.232319E+03 1.670539E+03 1.586437E+03 1.586437E+03 1.288106E+03 1.288106E+03 1.189695E+03 1.189695E+03 1.189695E+03 9.706682E+02 8.607407E+02 5.497723E+02 
4.911464E+03 4.396083E+03 2.817245E+03 2.565371E+03 1.429947E+03 1.429947E+03 1.429947E+03 9.567231E+02 9.567231E+02 9.567231E+02 9.567231E+02 9.567231E+02 9.567231E+02 9.567231E+02 9.567231E+02 7.424686E+02 
2.632713E+03 2.632713E+03 2.632713E+03 2.632713E+03 1.795831E+03 1.418582E+03 1.418582E+03 6.695744E+02 6.695744E+02 6.695744E+02 6.695744E+02 6.695744E+02 6.695744E+02 6.695744E+02 6.695744E+02 6.695744E+02 
