6.925048E+04 3.021425E+04 3.021425E+04 3.021425E+04 3.021425E+04 3.021425E+04 3.021425E+04 3.021425E+04 2.186945E+04 2.180943E+04 2.180943E+04 2.180943E+04 2.180943E+04 2.180943E+04 2.111122E+04 1.874188E+04 
4.319195E+04 4.147718E+04 4.147718E+04 3.933920E+04 3.933920E+04 3.822716E+04 3.448325E+04 3.157416E+04 3.157416E+04 3.098884E+04 2.927652E+04 2.927652E+04 2.927652E+04 2.927652E+04 2.848881E+04 2.409135E+04 
1.444018E+05 1.444018E+05 1.444018E+05 1.444018E+05 3.949472E+04 3.899999E+04 3.899999E+04 3.540804E+04 2.985371E+04 2.985371E+04 2.985371E+04 2.985371E+04 2.985371E+04 2.985371E+04 2.985371E+04 1.987716E+04 
3.303550E+04 3.303550E+04 3.303550E+04 3.303550E+04 3.303550E+04 3.303550E+04 3.303550E+04 3.303550E+04 3.104073E+04 2.421093E+04 2.421093E+04 2.421093E+04 2.421093E+04 2.421093E+04 2.421093E+04 1.343613E+04 
3.952120E+04 3.952120E+04 3.952120E+04 3.916432E+04 3.916432E+04 3.916432E+04 3.916432E+04 3.916432E+04 2.125764E+04 2.125764E+04 2.125764E+04 2.125764E+04 2.125764E+04 2.125764E+04 2.125764E+04 2.125764E+04 
2.089986E+04 2.089986E+04 2.089986E+04 2.089986E+04 2.089986E+04 1.895218E+04 1.895218E+04 1.895218E+04 1.895218E+04 1.895218E+04 1.895218E+04 1.895218E+04 1.895218E+04 1.895218E+04 1.895218E+04 1.654705E+04 
4.925120E+04 4.925120E+04 4.925120E+04 4.925120E+04 1.751511E+04 1.751511E+04 1.751511E+04 1.751511E+04 1.751511E+04 1.751511E+04 1.751511E+04 1.751511E+04 1.751511E+04 1.751511E+04 1.751511E+04 1.751511E+04 
5.012152E+04 5.012152E+04 5.012152E+04 1.698406E+04 1.698406E+04 1.698406E+04 1.698406E+04 1.698406E+04 1.698406E+04 1.698406E+04 1.698406E+04 1.698406E+04 1.698406E+04 1.698406E+04 1.698406E+04 1.698406E+04 
4.443250E+04 4.443250E+04 4.443250E+04 4.443250E+04 4.310211E+04 4.310211E+04 3.877170E+04 2.975309E+04 2.975309E+04 2.632492E+04 2.632492E+04 2.632492E+04 2.632492E+04 2.632492E+04 2.632492E+04 2.632492E+04 
3.321640E+04 2.917827E+04 2.917827E+04 2.843554E+04 2.843554E+04 2.843554E+04 2.843554E+04 2.843554E+04 2.843554E+04 2.843554E+04 1.597234E+04 1.597234E+04 1.597234E+04 1.597234E+04 1.597234E+04 1.597234E+04 
1.205219E+06 7.352392E+04 7.352392E+04 4.871321E+04 2.092262E+04 2.092262E+04 1.487981E+04 1.487981E+04 1.487981E+04 1.374053E+04 1.374053E+04 1.374053E+04 1.374053E+04 1.374053E+04 1.339830E+04 1.339830E+04 
1.787674E+04 1.787674E+04 1.787674E+04 1.452041E+04 1.452041E+04 1.452041E+04 1.452041E+04 1.452041E+04 1.452041E+04 1.452041E+04 1.452041E+04 1.452041E+04 1.452041E+04 1.452041E+04 1.452041E+04 1.452041E+04 
2.257574E+05 1.535799E+05 4.627745E+04 4.525781E+04 2.249454E+04 2.249454E+04 2.101301E+04 2.101301E+04 1.982446E+04 1.982446E+04 1.982446E+04 1.982446E+04 1.982446E+04 1.982446E+04 1.982446E+04 1.982446E+04 
4.235179E+06 1.142470E+05 6.144760E+04 4.223668E+04 4.223668E+04 2.810525E+04 2.810525E+04 2.810525E+04 2.534073E+04 2.534073E+04 2.534073E+04 2.534073E+04 2.534073E+04 2.380403E+04 2.223765E+04 2.223765E+04 
3.504945E+04 3.504945E+04 3.504945E+04 3.504945E+04 3.147464E+04 2.055543E+04 2.055543E+04 2.055543E+04 2.055543E+04 2.055543E+04 2.055543E+04 2.055543E+04 2.055543E+04 2.055543E+04 2.055543E+04 2.055543E+04 
4.171701E+04 4.171701E+04 4.171701E+04 3.472645E+04 2.438958E+04 2.438958E+04 2.438958E+04 2.097630E+04 2.097630E+04 2.097630E+04 2.097630E+04 2.097630E+04 2.097630E+04 2.097630E+04 2.097630E+04 2.016649E+04 
3.877192E+04 3.877192E+04 3.877192E+04 2.232286E+04 2.232286E+04 2.232286E+04 2.232286E+04 2.232286E+04 2.232286E+04 2.148368E+04 2.148368E+04 2.148368E+04 2.148368E+04 2.148368E+04 2.148368E+04 1.996792E+04 
8.052622E+04 8.052622E+04 6.001890E+04 4.345533E+04 4.185190E+04 3.240686E+04 3.240686E+04 2.696962E+04 2.696962E+04 2.696962E+04 2.696962E+04 2.696962E+04 2.696962E+04 2.696962E+04 2.696962E+04 2.605392E+04 
2.772967E+04 2.772967E+04 2.759325E+04 2.759325E+04 2.759325E+04 2.380338E+04 2.380338E+04 2.225776E+04 2.225776E+04 2.225776E+04 2.225776E+04 2.225776E+04 2.225776E+04 2.225776E+04 2.225776E+04 2.225776E+04 
3.813256E+04 3.813256E+04 3.415002E+04 3.415002E+04 3.415002E+04 2.527285E+04 2.527285E+04 2.527285E+04 2.488117E+04 2.268027E+04 2.268027E+04 2.268027E+04 2.268027E+04 2.268027E+04 2.268027E+04 2.268027E+04 
3.770182E+04 3.770182E+04 3.770182E+04 3.770182E+04 2.495649E+04 2.495649E+04 2.495649E+04 2.495649E+04 2.385299E+04 2.385299E+04 2.385299E+04 2.385299E+04 2.385299E+04 2.385299E+04 2.385299E+04 2.263402E+04 
2.490844E+04 2.490844E+04 2.490844E+04 2.490844E+04 2.490844E+04 2.490844E+04 2.490844E+04 1.404672E+04 1.404672E+04 1.404672E+04 1.404672E+04 1.404672E+04 1.404672E+04 1.404672E+04 1.404672E+04 1.404672E+04 
5.912869E+04 5.912869E+04 4.068729E+04 4.068729E+04 1.544524E+04 1.544524E+04 1.544524E+04 1.544524E+04 1.544524E+04 1.544524E+04 1.544524E+04 1.544524E+04 1.544524E+04 1.544524E+04 1.544524E+04 1.544524E+04 
2.068188E+04 2.068188E+04 2.068188E+04 2.068188E+04 2.068188E+04 2.068188E+04 2.068188E+04 2.068188E+04 2.068188E+04 2.068188E+04 2.037907E+04 2.037907E+04 1.664779E+04 1.664779E+04 1.664779E+04 1.664779E+04 
4.122998E+04 4.122998E+04 1.936423E+04 1.936423E+04 1.936423E+04 1.936423E+04 1.936423E+04 1.936423E+04 1.936423E+04 1.936423E+04 1.936423E+04 1.936423E+04 1.936423E+04 1.936423E+04 1.936423E+04 1.936423E+04 
4.922496E+04 4.922496E+04 4.278879E+04 4.278879E+04 2.893136E+04 2.893136E+04 2.778325E+04 2.778325E+04 2.778325E+04 2.778325E+04 2.778325E+04 2.778325E+04 2.778325E+04 2.778325E+04 1.967974E+04 1.967974E+04 
3.753715E+04 3.753715E+04 3.753715E+04 3.202150E+04 2.377711E+04 2.377711E+04 2.377711E+04 2.377711E+04 2.377711E+04 2.265039E+04 2.265039E+04 2.265039E+04 2.265039E+04 2.265039E+04 2.265039E+04 2.265039E+04 
2.443241E+04 2.443241E+04 2.443241E+04 2.443241E+04 2.443241E+04 2.443241E+04 2.443241E+04 2.443241E+04 2.443241E+04 2.443241E+04 2.443241E+04 2.443241E+04 2.443241E+04 1.949415E+04 1.949415E+04 1.949415E+04 
2.111467E+04 2.111467E+04 2.111467E+04 2.111467E+04 2.111467E+04 2.111467E+04 2.111467E+04 2.111467E+04 2.111467E+04 2.008571E+04 2.008571E+04 2.008571E+04 2.008571E+04 2.008571E+04 2.008571E+04 1.837702E+04 
2.935972E+04 2.935972E+04 2.935972E+04 2.935972E+04 2.935972E+04 2.935972E+04 2.935972E+04 1.788845E+04 1.788845E+04 1.788845E+04 1.788845E+04 1.788845E+04 1.788845E+04 1.788845E+04 1.788845E+04 1.788845E+04 
