3.978260E+02 3.230108E+02 2.708753E+02 2.549561E+02 2.074997E+02 2.056495E+02 2.044387E+02 2.020223E+02 2.015628E+02 2.013567E+02 2.012371E+02 2.011568E+02 2.011240E+02 2.011182E+02 2.011179E+02 2.011179E+02 
3.339486E+02 1.854645E+02 1.797622E+02 1.778631E+02 1.699810E+02 1.685608E+02 1.679708E+02 1.676413E+02 1.676259E+02 1.676245E+02 1.676242E+02 1.676240E+02 1.676239E+02 1.676239E+02 1.676239E+02 1.676239E+02 
6.151927E+02 4.181969E+02 3.047368E+02 2.986916E+02 2.848179E+02 2.640002E+02 2.300891E+02 2.272234E+02 2.259276E+02 2.247955E+02 2.245518E+02 2.244136E+02 2.243764E+02 2.243699E+02 2.243695E+02 2.243695E+02 
3.072326E+02 1.934300E+02 1.759868E+02 1.731352E+02 1.683901E+02 1.679234E+02 1.678421E+02 1.676654E+02 1.676263E+02 1.676251E+02 1.676243E+02 1.676241E+02 1.676240E+02 1.676239E+02 1.676239E+02 1.676239E+02 
3.044277E+02 1.949252E+02 1.879898E+02 1.821275E+02 1.763428E+02 1.693750E+02 1.692589E+02 1.690168E+02 1.689334E+02 1.688529E+02 1.687493E+02 1.686737E+02 1.686389E+02 1.686324E+02 1.686321E+02 1.686320E+02 
3.149974E+02 2.527116E+02 2.200556E+02 1.963902E+02 1.754437E+02 1.667757E+02 1.660839E+02 1.659246E+02 1.658545E+02 1.658278E+02 1.658222E+02 1.658202E+02 1.658199E+02 1.658199E+02 1.658199E+02 1.658199E+02 
3.372992E+02 2.062968E+02 1.822282E+02 1.753813E+02 1.704816E+02 1.695179E+02 1.686137E+02 1.681651E+02 1.671785E+02 1.669787E+02 1.669449E+02 1.669348E+02 1.669324E+02 1.669318E+02 1.669318E+02 1.669318E+02 
4.022520E+02 2.118582E+02 1.757409E+02 1.665089E+02 1.648724E+02 1.646740E+02 1.638631E+02 1.630471E+02 1.625895E+02 1.625674E+02 1.625674E+02 1.625674E+02 1.625674E+02 1.625674E+02 1.625674E+02 1.625674E+02 
4.062667E+02 2.701376E+02 2.340378E+02 2.222830E+02 1.981484E+02 1.729052E+02 1.728281E+02 1.727605E+02 1.724262E+02 1.721638E+02 1.720242E+02 1.719578E+02 1.719338E+02 1.719296E+02 1.719294E+02 1.719294E+02 
3.697647E+02 2.529371E+02 2.375605E+02 2.364267E+02 2.354034E+02 2.353552E+02 2.351122E+02 2.350410E+02 2.350362E+02 2.350358E+02 2.350358E+02 2.350358E+02 2.350358E+02 2.350358E+02 2.350358E+02 2.350358E+02 
3.954116E+02 2.396432E+02 1.945914E+02 1.742292E+02 1.727733E+02 1.727457E+02 1.725150E+02 1.715263E+02 1.709815E+02 1.705009E+02 1.703623E+02 1.702789E+02 1.702464E+02 1.702408E+02 1.702405E+02 1.702405E+02 
3.396086E+02 2.300484E+02 2.124070E+02 1.955947E+02 1.760004E+02 1.689548E+02 1.674480E+02 1.670336E+02 1.669083E+02 1.668667E+02 1.668363E+02 1.668041E+02 1.667902E+02 1.667877E+02 1.667875E+02 1.667875E+02 
4.188632E+02 2.065146E+02 1.813140E+02 1.726552E+02 1.672577E+02 1.649809E+02 1.642948E+02 1.638320E+02 1.637405E+02 1.637070E+02 1.637065E+02 1.637062E+02 1.637059E+02 1.637058E+02 1.637057E+02 1.637057E+02 
3.056599E+02 2.139839E+02 1.971811E+02 1.708176E+02 1.671465E+02 1.663481E+02 1.662062E+02 1.655904E+02 1.652719E+02 1.652174E+02 1.652126E+02 1.652126E+02 1.652126E+02 1.652126E+02 1.652126E+02 1.652126E+02 
3.019151E+02 2.114328E+02 1.786931E+02 1.710139E+02 1.694358E+02 1.691863E+02 1.690298E+02 1.687887E+02 1.672604E+02 1.668846E+02 1.667530E+02 1.667092E+02 1.666961E+02 1.666942E+02 1.666941E+02 1.666941E+02 
3.766643E+02 2.884550E+02 2.328805E+02 1.881899E+02 1.865283E+02 1.857459E+02 1.798657E+02 1.723306E+02 1.714366E+02 1.711212E+02 1.709720E+02 1.708344E+02 1.707831E+02 1.707732E+02 1.707726E+02 1.707726E+02 
3.555088E+02 2.426792E+02 2.166634E+02 1.951237E+02 1.839690E+02 1.783790E+02 1.777594E+02 1.765716E+02 1.764115E+02 1.763601E+02 1.763411E+02 1.763332E+02 1.763293E+02 1.763287E+02 1.763286E+02 1.763286E+02 
3.868897E+02 1.901506E+02 1.759775E+02 1.709363E+02 1.696377E+02 1.689163E+02 1.681726E+02 1.676751E+02 1.675848E+02 1.675846E+02 1.675846E+02 1.675846E+02 1.675846E+02 1.675846E+02 1.675846E+02 1.675846E+02 
2.617539E+02 2.030694E+02 1.855296E+02 1.761016E+02 1.711563E+02 1.705886E+02 1.696829E+02 1.690453E+02 1.689220E+02 1.688807E+02 1.688177E+02 1.687551E+02 1.687274E+02 1.687223E+02 1.687220E+02 1.687220E+02 
3.850904E+02 2.750118E+02 2.318880E+02 1.905657E+02 1.685265E+02 1.651940E+02 1.645435E+02 1.637649E+02 1.635455E+02 1.634957E+02 1.634948E+02 1.634948E+02 1.634948E+02 1.634948E+02 1.634948E+02 1.634948E+02 
3.850063E+02 2.109989E+02 1.787677E+02 1.732627E+02 1.701435E+02 1.689760E+02 1.687158E+02 1.676478E+02 1.672772E+02 1.671066E+02 1.670187E+02 1.669553E+02 1.669318E+02 1.669280E+02 1.669278E+02 1.669278E+02 
3.811052E+02 2.158061E+02 1.793930E+02 1.715135E+02 1.698887E+02 1.695146E+02 1.693152E+02 1.689223E+02 1.678743E+02 1.673056E+02 1.670338E+02 1.669054E+02 1.668659E+02 1.668588E+02 1.668585E+02 1.668585E+02 
3.686142E+02 2.483706E+02 2.075600E+02 1.867273E+02 1.687955E+02 1.679884E+02 1.677829E+02 1.675587E+02 1.674449E+02 1.674166E+02 1.674020E+02 1.673948E+02 1.673925E+02 1.673922E+02 1.673922E+02 1.673921E+02 
3.318877E+02 1.952635E+02 1.893142E+02 1.876391E+02 1.869779E+02 1.860381E+02 1.858061E+02 1.855179E+02 1.854576E+02 1.849499E+02 1.848440E+02 1.848264E+02 1.848205E+02 1.848196E+02 1.848196E+02 1.848196E+02 
4.290587E+02 2.280787E+02 1.952299E+02 1.751992E+02 1.726196E+02 1.719679E+02 1.690568E+02 1.676756E+02 1.674673E+02 1.674078E+02 1.673994E+02 1.673944E+02 1.673924E+02 1.673918E+02 1.673918E+02 1.673918E+02 
4.051047E+02 2.441298E+02 2.194398E+02 1.812552E+02 1.698175E+02 1.697349E+02 1.693684E+02 1.689372E+02 1.686355E+02 1.682354E+02 1.679433E+02 1.677619E+02 1.676929E+02 1.676811E+02 1.676804E+02 1.676804E+02 
3.476877E+02 2.138594E+02 1.967946E+02 1.776031E+02 1.727584E+02 1.710485E+02 1.704129E+02 1.692509E+02 1.684297E+02 1.681879E+02 1.681355E+02 1.680946E+02 1.680737E+02 1.680697E+02 1.680695E+02 1.680695E+02 
4.933223E+02 3.425225E+02 2.174682E+02 1.730327E+02 1.687005E+02 1.667971E+02 1.661448E+02 1.657245E+02 1.652542E+02 1.650962E+02 1.650240E+02 1.649893E+02 1.649790E+02 1.649772E+02 1.649772E+02 1.649771E+02 
5.071547E+02 2.116286E+02 1.874784E+02 1.782829E+02 1.723473E+02 1.723209E+02 1.719450E+02 1.709999E+02 1.705769E+02 1.705456E+02 1.705438E+02 1.705435E+02 1.705433E+02 1.705433E+02 1.705433E+02 1.705433E+02 
2.302787E+02 1.921245E+02 1.803552E+02 1.723448E+02 1.676921E+02 1.669462E+02 1.663351E+02 1.654979E+02 1.654875E+02 1.654875E+02 1.654875E+02 1.654875E+02 1.654875E+02 1.654875E+02 1.654875E+02 1.654875E+02 
