9.774358E+01 7.419060E+01 4.750825E+01 4.750825E+01 4.154435E+01 2.117997E+01 1.455654E+01 7.394900E+00 4.933327E+00 4.721107E+00 4.691910E+00 4.641373E+00 4.617954E+00 4.602733E+00 4.599682E+00 4.599234E+00 
8.414273E+01 7.647116E+01 5.164533E+01 3.155313E+01 1.871534E+01 1.312306E+01 7.784964E+00 5.702511E+00 5.411089E+00 5.295769E+00 5.223741E+00 5.143948E+00 5.117866E+00 5.096386E+00 5.091417E+00 5.090657E+00 
1.097697E+02 8.302223E+01 7.049862E+01 5.289211E+01 3.721750E+01 1.724598E+01 1.083441E+01 7.540793E+00 7.051491E+00 6.931246E+00 6.808253E+00 6.741994E+00 6.725087E+00 6.711139E+00 6.709631E+00 6.709187E+00 
8.822093E+01 5.401988E+01 5.401988E+01 3.985196E+01 3.109895E+01 2.823514E+01 2.042145E+01 1.633957E+01 1.590048E+01 1.584721E+01 1.584004E+01 1.583208E+01 1.582957E+01 1.582956E+01 1.582956E+01 1.582956E+01 
9.579794E+01 7.537069E+01 5.693996E+01 5.111602E+01 4.439112E+01 3.398953E+01 1.653066E+01 9.963484E+00 9.493234E+00 9.457707E+00 9.116627E+00 9.109686E+00 9.109262E+00 9.109234E+00 9.109234E+00 9.109234E+00 
9.142841E+01 4.938169E+01 4.938169E+01 4.397767E+01 3.172501E+01 2.904969E+01 1.510299E+01 1.028039E+01 9.873963E+00 9.786424E+00 9.690898E+00 9.687696E+00 9.671475E+00 9.663974E+00 9.662426E+00 9.662115E+00 
7.968592E+01 5.543121E+01 4.128327E+01 3.922279E+01 2.089621E+01 7.833729E+00 2.277485E+00 1.004287E+00 8.196527E-01 8.004425E-01 7.659232E-01 7.352547E-01 7.235443E-01 7.178599E-01 7.164542E-01 7.162535E-01 
1.188520E+02 7.812216E+01 7.341834E+01 3.815704E+01 2.180554E+01 1.460671E+01 5.381905E+00 3.659026E+00 3.221918E+00 3.206557E+00 3.200714E+00 3.199275E+00 3.194845E+00 3.194797E+00 3.194797E+00 3.194797E+00 
5.771777E+01 5.454757E+01 4.509332E+01 3.233698E+01 2.150791E+01 1.426691E+01 9.090235E+00 7.861964E+00 7.800223E+00 7.788342E+00 7.786298E+00 7.785677E+00 7.785604E+00 7.785015E+00 7.785014E+00 7.785014E+00 
9.700309E+01 6.728334E+01 3.748912E+01 3.427338E+01 2.375602E+01 1.449842E+01 6.446017E+00 3.777077E+00 2.448075E+00 2.403873E+00 2.347427E+00 2.294993E+00 2.265327E+00 2.252244E+00 2.249068E+00 2.248574E+00 
9.568470E+01 5.216133E+01 4.702570E+01 4.157832E+01 3.188150E+01 1.828187E+01 1.267553E+01 7.896012E+00 7.503015E+00 7.484737E+00 7.481534E+00 7.479695E+00 7.470037E+00 7.469999E+00 7.469997E+00 7.469997E+00 
7.365533E+01 6.734076E+01 3.099209E+01 3.099209E+01 2.819524E+01 2.154563E+01 1.311198E+01 7.054960E+00 5.316874E+00 5.151532E+00 4.995563E+00 4.983529E+00 4.978011E+00 4.975768E+00 4.975236E+00 4.975097E+00 
8.379187E+01 6.474698E+01 5.594780E+01 3.984351E+01 3.467425E+01 2.381777E+01 2.179334E+01 1.373023E+01 1.152977E+01 1.150126E+01 1.149306E+01 1.148958E+01 1.148919E+01 1.148918E+01 1.148918E+01 1.148918E+01 
1.087108E+02 8.483210E+01 6.630199E+01 5.788185E+01 4.689458E+01 3.882690E+01 2.804385E+01 2.804385E+01 2.566037E+01 2.565194E+01 2.564984E+01 2.564907E+01 2.564858E+01 2.564857E+01 2.564857E+01 2.564857E+01 
7.174521E+01 6.119920E+01 4.707955E+01 2.379417E+01 2.330068E+01 1.520413E+01 9.516938E+00 6.898282E+00 6.681920E+00 6.641801E+00 6.619597E+00 6.603276E+00 6.602006E+00 6.599173E+00 6.598882E+00 6.598814E+00 
9.705577E+01 6.665507E+01 5.403518E+01 3.570824E+01 3.002753E+01 1.653003E+01 5.434641E+00 2.478051E+00 2.242262E+00 2.105356E+00 2.087549E+00 2.075119E+00 2.073100E+00 2.071560E+00 2.071364E+00 2.071304E+00 
7.457505E+01 5.429773E+01 4.730229E+01 3.670603E+01 3.670603E+01 2.271933E+01 9.608421E+00 4.221373E+00 2.052860E+00 2.007508E+00 1.933944E+00 1.887240E+00 1.850850E+00 1.836209E+00 1.831669E+00 1.831042E+00 
7.321857E+01 4.711727E+01 3.721803E+01 3.330068E+01 2.918314E+01 1.653546E+01 1.444676E+01 7.824084E+00 7.091175E+00 7.052792E+00 7.039771E+00 7.038345E+00 7.038167E+00 7.038098E+00 7.038098E+00 7.038098E+00 
7.922921E+01 3.535565E+01 3.535565E+01 1.517635E+01 9.229257E+00 6.683857E+00 3.593917E+00 2.537430E+00 2.046737E+00 1.971720E+00 1.917497E+00 1.888572E+00 1.872268E+00 1.864636E+00 1.863022E+00 1.862686E+00 
1.026623E+02 7.983971E+01 4.762731E+01 4.636372E+01 2.711200E+01 2.711200E+01 1.206412E+01 7.853486E+00 7.244518E+00 7.233062E+00 7.225793E+00 7.223256E+00 7.222888E+00 7.222876E+00 7.222876E+00 7.222876E+00 
6.672449E+01 6.672449E+01 6.305574E+01 2.433148E+01 1.633400E+01 9.731772E+00 3.012876E+00 1.130348E+00 9.049233E-01 8.646360E-01 8.137672E-01 7.936574E-01 7.761258E-01 7.680698E-01 7.662862E-01 7.660104E-01 
9.070360E+01 5.897605E+01 5.897605E+01 4.650402E+01 3.641326E+01 1.436875E+01 1.152371E+01 8.857191E+00 8.490766E+00 8.446213E+00 8.415874E+00 8.394246E+00 8.387882E+00 8.386560E+00 8.386001E+00 8.385902E+00 
9.341511E+01 6.764573E+01 6.040450E+01 5.192723E+01 3.947949E+01 2.771549E+01 2.232904E+01 1.643563E+01 1.397460E+01 1.388005E+01 1.374919E+01 1.366554E+01 1.363815E+01 1.361403E+01 1.360882E+01 1.360798E+01 
7.059819E+01 5.362037E+01 4.680334E+01 3.855209E+01 2.344212E+01 1.656951E+01 1.405264E+01 8.001584E+00 7.373077E+00 6.982890E+00 6.835304E+00 6.796538E+00 6.766817E+00 6.751425E+00 6.747659E+00 6.747103E+00 
8.664385E+01 5.383024E+01 5.007587E+01 4.091228E+01 2.563964E+01 1.836387E+01 1.093015E+01 8.060622E+00 6.905270E+00 6.829717E+00 6.780625E+00 6.730681E+00 6.719477E+00 6.712375E+00 6.711268E+00 6.710965E+00 
9.075856E+01 7.849289E+01 7.849289E+01 6.937868E+01 4.786101E+01 3.238562E+01 2.367167E+01 1.478059E+01 1.356963E+01 1.319591E+01 1.316247E+01 1.314664E+01 1.313827E+01 1.313435E+01 1.313361E+01 1.313346E+01 
7.357062E+01 5.550132E+01 4.461269E+01 2.771231E+01 1.875663E+01 1.513697E+01 8.537836E+00 3.711604E+00 2.622748E+00 2.509429E+00 2.503695E+00 2.463656E+00 2.450487E+00 2.442242E+00 2.439273E+00 2.438963E+00 
1.121759E+02 5.547548E+01 5.547548E+01 4.758696E+01 2.997045E+01 1.650119E+01 5.985332E+00 1.929352E+00 9.739873E-01 9.359905E-01 9.004953E-01 8.722247E-01 8.605089E-01 8.528435E-01 8.501331E-01 8.498679E-01 
8.583714E+01 5.003723E+01 4.809928E+01 3.479867E+01 2.890805E+01 2.550194E+01 1.217047E+01 8.824733E+00 8.435253E+00 8.380427E+00 8.332884E+00 8.293265E+00 8.248464E+00 8.238480E+00 8.233472E+00 8.232980E+00 
6.365466E+01 4.183252E+01 4.183252E+01 3.989527E+01 2.537309E+01 1.767961E+01 1.480004E+01 9.152018E+00 8.581406E+00 8.455542E+00 8.419042E+00 8.386848E+00 8.372642E+00 8.365276E+00 8.364226E+00 8.363997E+00 
