4.743986E+02 4.018378E+02 3.208887E+02 2.983966E+02 2.541010E+02 2.501595E+02 2.338999E+02 2.321063E+02 2.297571E+02 2.292970E+02 2.292844E+02 2.292844E+02 2.292844E+02 2.292844E+02 2.292844E+02 2.292844E+02 
5.403696E+02 5.403696E+02 4.661994E+02 3.524233E+02 2.751878E+02 2.440056E+02 2.306207E+02 2.298135E+02 2.294673E+02 2.293060E+02 2.292845E+02 2.292844E+02 2.292844E+02 2.292844E+02 2.292844E+02 2.292844E+02 
5.006787E+02 4.268940E+02 3.921151E+02 3.647940E+02 3.107260E+02 2.588936E+02 2.544271E+02 2.478893E+02 2.396100E+02 2.343210E+02 2.301310E+02 2.294490E+02 2.293040E+02 2.292845E+02 2.292844E+02 2.292844E+02 
5.075779E+02 4.529778E+02 4.292989E+02 4.176738E+02 4.124530E+02 3.963097E+02 3.891192E+02 3.824486E+02 3.720835E+02 3.576706E+02 3.355880E+02 2.553040E+02 2.360980E+02 2.327224E+02 2.324215E+02 2.324015E+02 
5.559755E+02 4.397627E+02 3.804810E+02 3.650064E+02 3.408099E+02 3.188239E+02 2.860363E+02 2.357127E+02 2.320051E+02 2.303075E+02 2.294068E+02 2.292856E+02 2.292844E+02 2.292844E+02 2.292844E+02 2.292844E+02 
5.707984E+02 5.228154E+02 4.875371E+02 4.128306E+02 3.972267E+02 3.248887E+02 2.613492E+02 2.322884E+02 2.296659E+02 2.292849E+02 2.292844E+02 2.292844E+02 2.292844E+02 2.292844E+02 2.292844E+02 2.292844E+02 
5.169275E+02 4.538308E+02 3.883181E+02 3.472638E+02 3.068536E+02 2.535092E+02 2.325488E+02 2.309430E+02 2.295008E+02 2.292863E+02 2.292844E+02 2.292844E+02 2.292844E+02 2.292844E+02 2.292844E+02 2.292844E+02 
5.549376E+02 5.549376E+02 4.449008E+02 3.669360E+02 3.521571E+02 3.289916E+02 2.763061E+02 2.321299E+02 2.297696E+02 2.293654E+02 2.292865E+02 2.292844E+02 2.292844E+02 2.292844E+02 2.292844E+02 2.292844E+02 
4.863420E+02 4.863420E+02 3.505817E+02 3.172447E+02 2.731073E+02 2.581036E+02 2.294356E+02 2.292930E+02 2.292848E+02 2.292845E+02 2.292844E+02 2.292844E+02 2.292844E+02 2.292844E+02 2.292844E+02 2.292844E+02 
4.557683E+02 4.416484E+02 4.212724E+02 4.212724E+02 3.936033E+02 3.608745E+02 3.282425E+02 3.108255E+02 2.946027E+02 2.671396E+02 2.415289E+02 2.330926E+02 2.311411E+02 2.304686E+02 2.303922E+02 2.303896E+02 
3.748290E+02 3.241920E+02 3.241920E+02 3.122248E+02 2.798218E+02 2.506106E+02 2.304908E+02 2.298183E+02 2.293990E+02 2.292892E+02 2.292844E+02 2.292844E+02 2.292844E+02 2.292844E+02 2.292844E+02 2.292844E+02 
4.234743E+02 3.994762E+02 3.940127E+02 3.816353E+02 3.718027E+02 3.525121E+02 2.492106E+02 2.314067E+02 2.296505E+02 2.294045E+02 2.292844E+02 2.292844E+02 2.292844E+02 2.292844E+02 2.292844E+02 2.292844E+02 
4.758228E+02 4.414520E+02 4.264620E+02 4.212954E+02 3.770223E+02 3.710084E+02 3.076645E+02 2.330665E+02 2.298115E+02 2.293156E+02 2.292844E+02 2.292844E+02 2.292844E+02 2.292844E+02 2.292844E+02 2.292844E+02 
5.173973E+02 5.173973E+02 4.120545E+02 3.895435E+02 3.846888E+02 3.793013E+02 3.458889E+02 2.477705E+02 2.312864E+02 2.295267E+02 2.292846E+02 2.292844E+02 2.292844E+02 2.292844E+02 2.292844E+02 2.292844E+02 
4.928926E+02 4.449706E+02 3.685885E+02 3.457349E+02 3.397945E+02 3.058991E+02 2.456223E+02 2.348547E+02 2.317363E+02 2.294250E+02 2.292849E+02 2.292844E+02 2.292844E+02 2.292844E+02 2.292844E+02 2.292844E+02 
5.231773E+02 4.487900E+02 4.028358E+02 3.854772E+02 3.787065E+02 3.653348E+02 3.134890E+02 2.301139E+02 2.292912E+02 2.292845E+02 2.292844E+02 2.292844E+02 2.292844E+02 2.292844E+02 2.292844E+02 2.292844E+02 
5.268189E+02 4.902684E+02 4.609861E+02 4.058227E+02 3.762936E+02 3.240401E+02 2.606480E+02 2.310303E+02 2.293873E+02 2.292850E+02 2.292844E+02 2.292844E+02 2.292844E+02 2.292844E+02 2.292844E+02 2.292844E+02 
5.029359E+02 4.489184E+02 3.947852E+02 3.325043E+02 3.055000E+02 2.965743E+02 2.529764E+02 2.330768E+02 2.299236E+02 2.293928E+02 2.292853E+02 2.292844E+02 2.292844E+02 2.292844E+02 2.292844E+02 2.292844E+02 
5.430773E+02 4.970649E+02 4.224941E+02 4.056468E+02 2.904078E+02 2.438444E+02 2.309243E+02 2.294151E+02 2.292848E+02 2.292845E+02 2.292844E+02 2.292844E+02 2.292844E+02 2.292844E+02 2.292844E+02 2.292844E+02 
4.944275E+02 4.861499E+02 3.966266E+02 3.839818E+02 3.312028E+02 2.674247E+02 2.369407E+02 2.293840E+02 2.292866E+02 2.292847E+02 2.292844E+02 2.292844E+02 2.292844E+02 2.292844E+02 2.292844E+02 2.292844E+02 
4.575701E+02 4.455003E+02 4.144958E+02 3.945019E+02 3.841231E+02 3.444870E+02 2.929293E+02 2.478190E+02 2.313542E+02 2.293609E+02 2.292848E+02 2.292844E+02 2.292844E+02 2.292844E+02 2.292844E+02 2.292844E+02 
6.611035E+02 4.390435E+02 4.156806E+02 3.900934E+02 3.601061E+02 3.416095E+02 2.986117E+02 2.839730E+02 2.675765E+02 2.546794E+02 2.438610E+02 2.339101E+02 2.316652E+02 2.310995E+02 2.308789E+02 2.308615E+02 
4.594620E+02 4.318534E+02 3.867141E+02 3.441475E+02 2.780506E+02 2.341427E+02 2.298436E+02 2.292874E+02 2.292849E+02 2.292844E+02 2.292844E+02 2.292844E+02 2.292844E+02 2.292844E+02 2.292844E+02 2.292844E+02 
6.299097E+02 5.785667E+02 4.652509E+02 3.852499E+02 3.402092E+02 2.920686E+02 2.339873E+02 2.295598E+02 2.292853E+02 2.292844E+02 2.292844E+02 2.292844E+02 2.292844E+02 2.292844E+02 2.292844E+02 2.292844E+02 
4.687984E+02 4.143948E+02 4.071066E+02 4.007879E+02 3.865256E+02 3.709240E+02 3.258824E+02 2.477459E+02 2.303635E+02 2.294354E+02 2.292845E+02 2.292844E+02 2.292844E+02 2.292844E+02 2.292844E+02 2.292844E+02 
6.019628E+02 4.668146E+02 4.095117E+02 3.506699E+02 3.355287E+02 3.077302E+02 2.933380E+02 2.582745E+02 2.308329E+02 2.293301E+02 2.292846E+02 2.292844E+02 2.292844E+02 2.292844E+02 2.292844E+02 2.292844E+02 
3.172704E+02 3.172704E+02 3.172704E+02 3.172704E+02 2.775947E+02 2.385353E+02 2.305578E+02 2.296543E+02 2.293634E+02 2.292877E+02 2.292844E+02 2.292844E+02 2.292844E+02 2.292844E+02 2.292844E+02 2.292844E+02 
6.763910E+02 5.134837E+02 4.328327E+02 4.004791E+02 3.987496E+02 3.112268E+02 2.347086E+02 2.308295E+02 2.294907E+02 2.293073E+02 2.292844E+02 2.292844E+02 2.292844E+02 2.292844E+02 2.292844E+02 2.292844E+02 
5.212765E+02 4.824732E+02 4.672374E+02 4.443722E+02 3.349458E+02 2.367732E+02 2.300139E+02 2.297951E+02 2.293371E+02 2.292845E+02 2.292844E+02 2.292844E+02 2.292844E+02 2.292844E+02 2.292844E+02 2.292844E+02 
3.861926E+02 3.524468E+02 3.338857E+02 3.042860E+02 2.823983E+02 2.773008E+02 2.403419E+02 2.347397E+02 2.296553E+02 2.293174E+02 2.292844E+02 2.292844E+02 2.292844E+02 2.292844E+02 2.292844E+02 2.292844E+02 
