1.106736E+03 6.087848E+02 3.492940E+02 2.047185E+02 1.805155E+02 1.282110E+02 5.511906E+01 7.870150E+00 4.645577E-01 2.223739E-01 1.042415E-01 3.599476E-02 5.534128E-03 3.064159E-04 2.492118E-06 10E-8 
1.835399E+03 6.210460E+02 2.695884E+02 2.187960E+02 1.952076E+02 1.905283E+02 1.861133E+02 1.810512E+02 1.702590E+02 1.564342E+02 1.515502E+02 1.510751E+02 1.510751E+02 1.510751E+02 1.510751E+02 1.510751E+02 
1.169217E+03 6.469710E+02 4.185887E+02 2.445858E+02 1.765500E+02 1.332202E+02 5.667739E+01 3.365067E+00 4.152816E-01 2.493002E-01 1.225836E-01 3.749111E-02 5.232221E-03 2.787506E-04 2.935863E-06 10E-8 
9.821103E+02 4.336208E+02 3.682996E+02 2.706976E+02 1.651719E+02 1.237802E+02 6.723575E+01 4.519423E+00 5.040110E-01 1.930095E-01 1.390980E-01 3.190627E-02 5.378320E-03 3.237764E-04 2.506698E-06 10E-8 
1.634770E+03 8.007423E+02 3.484398E+02 3.260445E+02 2.363904E+02 1.643542E+02 1.544069E+02 1.507653E+02 1.504291E+02 1.504276E+02 1.504272E+02 1.504272E+02 1.504272E+02 1.504272E+02 1.504272E+02 1.504272E+02 
2.065694E+03 1.369900E+03 9.515152E+02 7.206320E+02 6.611888E+02 6.290171E+02 5.887372E+02 5.854396E+02 5.836977E+02 5.836949E+02 5.836942E+02 5.836940E+02 5.836940E+02 5.836940E+02 5.836940E+02 5.836940E+02 
2.337919E+03 8.449162E+02 4.422804E+02 2.661457E+02 2.145924E+02 1.053813E+02 4.702432E+01 8.563594E+00 4.153420E-01 2.517281E-01 1.424530E-01 3.362060E-02 5.395553E-03 2.386007E-04 2.619492E-06 10E-8 
1.208872E+03 4.696265E+02 3.694661E+02 2.408179E+02 1.882267E+02 1.494185E+02 6.855771E+01 1.063720E+01 4.449281E-01 2.119682E-01 1.003926E-01 3.650352E-02 5.882068E-03 2.990383E-04 2.831473E-06 10E-8 
2.171931E+03 6.467320E+02 3.406286E+02 2.307331E+02 1.792008E+02 1.570670E+02 1.513986E+02 1.505635E+02 1.504300E+02 1.504278E+02 1.504273E+02 1.504272E+02 1.504272E+02 1.504272E+02 1.504272E+02 1.504272E+02 
6.844209E+02 3.641518E+02 3.325961E+02 1.991886E+02 1.795956E+02 1.593743E+02 1.517153E+02 1.511217E+02 1.511037E+02 1.511033E+02 1.511029E+02 1.511029E+02 1.511028E+02 1.511028E+02 1.511028E+02 1.511028E+02 
2.335318E+03 1.242356E+03 8.122631E+02 6.631352E+02 6.128379E+02 6.030294E+02 5.883268E+02 5.844356E+02 5.836726E+02 5.836540E+02 5.836539E+02 5.836539E+02 5.836539E+02 5.836539E+02 5.836539E+02 5.836539E+02 
2.040637E+03 1.442315E+03 1.361990E+03 7.891467E+02 5.544241E+02 4.247589E+02 3.705375E+02 3.218478E+02 3.009379E+02 3.003533E+02 3.001957E+02 3.000453E+02 3.000071E+02 3.000004E+02 3.000000E+02 3.000000E+02 
2.283830E+03 1.791898E+03 3.034110E+02 2.432062E+02 1.787119E+02 1.420979E+02 7.635165E+01 8.066178E+00 4.073485E-01 2.290285E-01 1.030614E-01 3.210773E-02 5.927717E-03 3.096104E-04 2.031764E-06 10E-8 
6.081109E+02 4.600549E+02 3.152037E+02 1.923505E+02 1.730785E+02 1.572626E+02 1.293625E+02 4.432704E+01 1.478327E+00 2.611300E-01 1.079136E-01 2.957601E-02 4.487162E-03 2.921209E-04 2.740627E-06 10E-8 
1.775791E+03 9.439113E+02 4.159008E+02 3.397978E+02 1.923329E+02 1.593698E+02 1.511549E+02 1.504433E+02 1.504283E+02 1.504276E+02 1.504273E+02 1.504272E+02 1.504272E+02 1.504272E+02 1.504272E+02 1.504272E+02 
1.710247E+03 7.435720E+02 2.292990E+02 1.895065E+02 1.670023E+02 1.608765E+02 1.560103E+02 1.463611E+02 9.559504E+01 1.766297E+01 1.122317E-01 2.694664E-02 6.097761E-03 2.913742E-04 1.884898E-06 10E-8 
3.025841E+03 1.850568E+03 1.078783E+03 3.691159E+02 2.416050E+02 1.959769E+02 1.193026E+02 4.721175E+01 5.187071E+00 1.880573E-01 1.100368E-01 3.426119E-02 5.230930E-03 2.860135E-04 2.477424E-06 10E-8 
1.073129E+03 4.563008E+02 2.460907E+02 2.303241E+02 1.756490E+02 1.617746E+02 1.179926E+02 5.791027E+01 8.345148E+00 2.253524E-01 1.219058E-01 3.670500E-02 4.927044E-03 2.772184E-04 2.041659E-06 10E-8 
1.435726E+03 8.809520E+02 8.430476E+02 7.384848E+02 7.363074E+02 7.270681E+02 6.694742E+02 6.252545E+02 6.140745E+02 6.030549E+02 5.147937E+02 4.405983E+02 4.040975E+02 4.004414E+02 4.000396E+02 4.000048E+02 
1.426219E+03 6.189321E+02 3.715513E+02 2.530568E+02 1.923767E+02 1.598735E+02 1.517821E+02 1.505130E+02 1.504759E+02 1.504735E+02 1.504733E+02 1.504731E+02 1.504731E+02 1.504731E+02 1.504731E+02 1.504731E+02 
2.462086E+03 6.064028E+02 4.008066E+02 2.847044E+02 1.835173E+02 1.035222E+02 2.684162E+01 4.230524E+00 2.471946E-01 2.038618E-01 1.167559E-01 3.212160E-02 5.463213E-03 2.683522E-04 2.750229E-06 10E-8 
1.101903E+03 7.215153E+02 3.148102E+02 2.061747E+02 1.738310E+02 1.610739E+02 1.540527E+02 1.516556E+02 1.515289E+02 1.515284E+02 1.515281E+02 1.515280E+02 1.515280E+02 1.515280E+02 1.515280E+02 1.515280E+02 
2.462925E+03 1.382820E+03 3.202649E+02 2.266396E+02 1.689279E+02 1.605003E+02 1.516201E+02 1.511501E+02 1.511334E+02 1.511327E+02 1.511325E+02 1.511325E+02 1.511325E+02 1.511325E+02 1.511325E+02 1.511325E+02 
1.694527E+03 8.411621E+02 3.236951E+02 2.110850E+02 1.823801E+02 1.366670E+02 4.436884E+01 1.222095E+01 4.013886E-01 2.198518E-01 1.076110E-01 3.939675E-02 5.220980E-03 2.899796E-04 2.613487E-06 10E-8 
1.735748E+03 7.487386E+02 3.780702E+02 2.001254E+02 1.610334E+02 1.306417E+02 3.770430E+01 1.765482E+00 5.176522E-01 2.140243E-01 1.105153E-01 3.445457E-02 3.891606E-03 2.813424E-04 2.708680E-06 10E-8 
2.092349E+03 6.400290E+02 3.117524E+02 2.519022E+02 2.055372E+02 1.689283E+02 1.550889E+02 1.518715E+02 1.514930E+02 1.514928E+02 1.514926E+02 1.514925E+02 1.514925E+02 1.514925E+02 1.514925E+02 1.514925E+02 
2.588990E+03 7.728891E+02 4.574672E+02 2.761376E+02 1.906411E+02 1.576302E+02 1.137538E+02 2.174376E+01 5.830820E-01 2.680804E-01 8.695925E-02 3.456461E-02 4.161756E-03 1.997100E-04 2.672828E-06 10E-8 
2.605896E+03 1.651808E+03 1.047342E+03 8.056616E+02 7.106187E+02 6.254765E+02 5.958687E+02 5.898376E+02 5.842490E+02 5.835794E+02 5.835788E+02 5.835786E+02 5.835786E+02 5.835786E+02 5.835786E+02 5.835786E+02 
2.525365E+03 7.204578E+02 6.728403E+02 4.047597E+02 1.936131E+02 1.571790E+02 1.527470E+02 1.507151E+02 1.504649E+02 1.504643E+02 1.504641E+02 1.504640E+02 1.504640E+02 1.504640E+02 1.504640E+02 1.504640E+02 
1.605896E+03 8.267429E+02 4.614704E+02 2.928574E+02 2.048151E+02 1.640020E+02 1.523656E+02 1.505558E+02 1.504759E+02 1.504740E+02 1.504734E+02 1.504731E+02 1.504731E+02 1.504731E+02 1.504731E+02 1.504731E+02 
