2.596120E+02 2.497435E+02 2.497435E+02 2.114550E+02 1.529171E+02 1.391221E+02 1.391221E+02 1.391221E+02 1.391221E+02 1.391221E+02 1.391221E+02 1.391221E+02 1.122690E+02 8.574311E+01 8.574311E+01 8.493113E+01 
2.983391E+02 2.983391E+02 2.983391E+02 2.983391E+02 2.983391E+02 2.223155E+02 1.739230E+02 1.739230E+02 1.739230E+02 1.739230E+02 1.177133E+02 1.177133E+02 1.177133E+02 1.177133E+02 5.650254E+01 5.650254E+01 
2.105644E+02 2.105644E+02 2.105644E+02 2.105644E+02 2.105644E+02 2.105644E+02 1.926460E+02 1.926460E+02 1.926460E+02 1.926460E+02 1.926460E+02 1.926460E+02 1.831247E+02 1.831247E+02 1.831247E+02 1.658434E+02 
2.446668E+02 2.446668E+02 2.446668E+02 2.446668E+02 2.446668E+02 1.818103E+02 1.818103E+02 1.818103E+02 1.818103E+02 1.818103E+02 1.748209E+02 1.615443E+02 1.292428E+02 1.035423E+02 8.185984E+01 8.185984E+01 
1.557357E+02 1.557357E+02 1.557357E+02 1.557357E+02 1.277586E+02 1.277586E+02 1.277586E+02 1.277586E+02 1.277586E+02 1.277586E+02 1.277586E+02 1.188220E+02 1.188220E+02 1.188220E+02 1.188220E+02 1.050054E+02 
2.429463E+02 2.429463E+02 2.429463E+02 2.380999E+02 2.297034E+02 2.297034E+02 2.297034E+02 2.106393E+02 1.867300E+02 1.174326E+02 1.174326E+02 1.174326E+02 9.397487E+01 9.397487E+01 7.293190E+01 7.293190E+01 
2.453187E+02 2.376440E+02 2.376440E+02 2.376440E+02 2.376440E+02 2.376440E+02 2.376440E+02 2.232015E+02 2.232015E+02 2.232015E+02 2.232015E+02 2.232015E+02 2.118044E+02 1.731068E+02 1.407567E+02 1.407567E+02 
2.123162E+02 2.123162E+02 2.123162E+02 2.123162E+02 2.123162E+02 2.123162E+02 1.546101E+02 1.546101E+02 1.546101E+02 1.546101E+02 1.546101E+02 1.546101E+02 1.546101E+02 1.546101E+02 1.324647E+02 1.324647E+02 
2.433012E+02 2.433012E+02 1.629457E+02 1.629457E+02 1.629457E+02 1.629457E+02 1.629457E+02 1.629457E+02 1.577008E+02 1.577008E+02 1.577008E+02 1.042683E+02 1.042683E+02 1.033717E+02 8.726598E+01 5.857211E+01 
1.889163E+02 1.889163E+02 1.889163E+02 1.889163E+02 1.889163E+02 1.285325E+02 1.285325E+02 1.285325E+02 1.285325E+02 1.285325E+02 1.285325E+02 1.285325E+02 1.285325E+02 1.056810E+02 9.708761E+01 8.554704E+01 
1.222792E+02 1.222792E+02 1.222792E+02 1.222792E+02 1.222792E+02 1.222792E+02 1.222792E+02 1.222792E+02 1.222792E+02 1.222792E+02 1.222792E+02 1.222792E+02 9.902620E+01 9.902620E+01 9.820285E+01 8.139070E+01 
2.795816E+02 2.449973E+02 2.449973E+02 2.199252E+02 2.199252E+02 2.199252E+02 2.199252E+02 2.199252E+02 1.716643E+02 1.716643E+02 1.716643E+02 1.716643E+02 1.716643E+02 1.716643E+02 1.591624E+02 1.460610E+02 
1.892815E+02 1.892815E+02 1.892815E+02 1.892815E+02 1.892815E+02 1.892815E+02 1.892815E+02 1.892815E+02 1.892815E+02 1.892815E+02 1.892815E+02 1.892815E+02 1.602024E+02 1.602024E+02 1.602024E+02 1.602024E+02 
1.865994E+02 1.865994E+02 1.865994E+02 1.865994E+02 1.865994E+02 1.865994E+02 1.865994E+02 1.865994E+02 1.865994E+02 1.865994E+02 1.865994E+02 1.865994E+02 1.392469E+02 1.392469E+02 1.392469E+02 1.392469E+02 
2.290157E+02 2.290157E+02 2.290157E+02 2.290157E+02 2.290157E+02 2.290157E+02 2.290157E+02 1.477069E+02 1.265531E+02 1.265531E+02 1.265531E+02 1.265531E+02 1.265531E+02 1.141914E+02 9.720175E+01 7.392365E+01 
1.733066E+02 1.733066E+02 1.733066E+02 1.733066E+02 1.733066E+02 1.733066E+02 1.733066E+02 1.733066E+02 1.733066E+02 1.733066E+02 1.733066E+02 1.733066E+02 1.733066E+02 1.498788E+02 1.469131E+02 1.469131E+02 
2.588441E+02 2.588441E+02 2.588441E+02 2.588441E+02 1.923391E+02 1.923391E+02 1.923391E+02 1.923391E+02 1.923391E+02 1.923391E+02 1.923391E+02 1.644328E+02 1.644328E+02 1.566364E+02 1.549392E+02 9.584240E+01 
1.940005E+02 1.940005E+02 1.940005E+02 1.940005E+02 1.940005E+02 1.940005E+02 1.940005E+02 1.940005E+02 1.940005E+02 1.940005E+02 1.812440E+02 1.526558E+02 1.526558E+02 1.412041E+02 8.997083E+01 8.997083E+01 
2.248766E+02 2.248766E+02 2.248766E+02 2.248766E+02 2.248766E+02 2.248766E+02 2.248766E+02 2.248766E+02 1.800711E+02 1.800711E+02 1.800711E+02 1.470559E+02 1.470559E+02 1.470559E+02 1.470559E+02 1.470559E+02 
1.824156E+02 1.824156E+02 1.388419E+02 1.388419E+02 1.388419E+02 1.388419E+02 1.388419E+02 1.388419E+02 1.388419E+02 1.388419E+02 1.388419E+02 1.238025E+02 1.233243E+02 9.351817E+01 8.887653E+01 4.283523E+01 
2.259210E+02 2.259210E+02 2.259210E+02 2.259210E+02 2.259210E+02 2.259210E+02 1.875333E+02 1.875333E+02 1.735969E+02 1.554346E+02 1.499023E+02 1.181406E+02 1.181406E+02 1.088422E+02 1.088422E+02 8.309083E+01 
2.413283E+02 2.413283E+02 2.413283E+02 2.413283E+02 2.413283E+02 2.413283E+02 2.413283E+02 2.413283E+02 2.215753E+02 2.215753E+02 2.215753E+02 2.053891E+02 2.053891E+02 1.969383E+02 1.848071E+02 1.590222E+02 
2.804375E+02 2.804375E+02 2.804375E+02 2.804375E+02 2.748122E+02 2.748122E+02 2.213859E+02 2.213859E+02 2.213859E+02 2.211490E+02 2.206620E+02 1.725979E+02 1.725979E+02 1.725979E+02 1.557395E+02 1.557395E+02 
1.460607E+02 1.460607E+02 1.460607E+02 1.460607E+02 1.460607E+02 1.460607E+02 1.460607E+02 1.460607E+02 1.460607E+02 1.460607E+02 1.370531E+02 1.173471E+02 1.146455E+02 1.110960E+02 8.436946E+01 8.436946E+01 
1.837211E+02 1.837211E+02 1.837211E+02 1.837211E+02 1.837211E+02 1.837211E+02 1.837211E+02 1.549706E+02 1.549706E+02 1.549706E+02 1.475430E+02 1.394944E+02 1.100096E+02 8.117450E+01 8.117450E+01 8.117450E+01 
1.769763E+02 1.769763E+02 1.769763E+02 1.769763E+02 1.769763E+02 1.071947E+02 1.071947E+02 1.071947E+02 1.071947E+02 1.071947E+02 1.071947E+02 1.071947E+02 1.071947E+02 1.071947E+02 1.071947E+02 6.988451E+01 
2.832000E+02 2.832000E+02 2.832000E+02 2.832000E+02 2.708445E+02 1.566263E+02 1.566263E+02 1.566263E+02 1.566263E+02 1.566263E+02 1.566263E+02 1.566263E+02 1.077822E+02 1.039267E+02 1.038527E+02 9.316939E+01 
2.626606E+02 2.626606E+02 2.626606E+02 2.626606E+02 2.509111E+02 2.368616E+02 2.368616E+02 2.368616E+02 2.368616E+02 2.249603E+02 1.936238E+02 1.880129E+02 9.266030E+01 9.266030E+01 9.266030E+01 9.266030E+01 
1.744725E+02 1.744725E+02 1.744725E+02 1.744725E+02 1.744725E+02 1.744725E+02 1.744725E+02 1.744725E+02 1.467604E+02 1.467604E+02 1.467604E+02 1.467604E+02 1.467604E+02 1.227012E+02 9.536300E+01 9.386767E+01 
1.517293E+02 1.517293E+02 1.517293E+02 1.517293E+02 1.517293E+02 1.517293E+02 1.517293E+02 1.517293E+02 1.517293E+02 1.517293E+02 1.517293E+02 1.517293E+02 1.040268E+02 9.911842E+01 9.911842E+01 7.235409E+01 
