8.825624E+08 2.107782E+08 3.643322E+07 2.335599E+06 2.335599E+06 2.652540E+05 1.605165E+03 1.262763E+03 1.224909E+03 1.224909E+03 1.994669E+02 1.986758E+02 1.985393E+02 1.726353E+02 1.630932E+02 1.630823E+02 
6.224351E+08 1.992859E+08 2.598090E+07 1.886825E+07 4.288112E+05 1.066133E+05 1.943860E+03 5.888138E+02 5.888138E+02 5.061048E+02 4.987479E+02 4.908212E+02 2.011105E+02 1.774160E+02 1.739934E+02 1.739801E+02 
3.866383E+08 7.580263E+07 1.680801E+07 8.170870E+06 1.766734E+06 4.406863E+04 6.788877E+03 3.629424E+03 3.540351E+03 3.109239E+03 2.078684E+02 1.954047E+02 1.925162E+02 1.912095E+02 1.868136E+02 1.865862E+02 
1.809304E+08 1.843067E+07 1.843067E+07 1.028481E+07 5.110141E+05 9.406728E+04 2.294305E+03 6.472600E+02 4.739952E+02 4.616890E+02 2.584538E+02 2.472409E+02 2.448673E+02 2.377276E+02 2.369734E+02 2.369573E+02 
7.482824E+08 1.371500E+08 1.351253E+07 2.855249E+06 2.855249E+06 3.154111E+05 7.085838E+03 5.369495E+03 5.156892E+03 3.794016E+03 3.756628E+03 3.718878E+03 2.549856E+02 2.548428E+02 2.508391E+02 2.508092E+02 
3.748575E+08 1.086256E+08 2.868808E+07 3.067987E+06 2.089136E+06 1.300526E+05 1.584745E+04 1.416252E+03 1.317124E+03 3.189367E+02 2.846566E+02 2.778158E+02 1.316160E+02 1.311252E+02 1.289078E+02 1.288144E+02 
6.128534E+08 9.108752E+07 5.086670E+07 1.663011E+07 1.966577E+06 1.357251E+05 7.622024E+03 6.450492E+03 6.359553E+03 6.322218E+03 2.047777E+02 1.728723E+02 1.727069E+02 1.708209E+02 1.702221E+02 1.702050E+02 
5.927141E+08 2.734718E+08 3.915513E+06 2.368294E+06 6.829273E+05 1.155286E+05 2.972211E+03 1.810280E+03 2.403668E+02 1.791181E+02 1.478617E+02 1.358398E+02 1.308875E+02 1.303791E+02 1.301537E+02 1.301399E+02 
5.154143E+08 8.266128E+07 4.381888E+06 4.381888E+06 7.878492E+04 7.878492E+04 3.050968E+02 2.691424E+02 1.946745E+02 1.813883E+02 1.066267E+02 9.732922E+01 5.756244E+01 5.364442E+01 5.288825E+01 5.280432E+01 
4.951277E+08 5.775234E+07 2.712793E+06 2.712793E+06 2.203170E+05 2.203170E+05 7.709854E+03 6.196494E+03 6.112201E+03 4.667706E+03 8.336486E+01 6.854600E+01 6.725426E+01 6.423904E+01 6.402396E+01 6.368891E+01 
1.176396E+09 7.048080E+07 5.929953E+06 5.929953E+06 1.473264E+06 2.812756E+05 1.959410E+03 3.499828E+02 2.456628E+02 1.235653E+02 9.147694E+01 8.924751E+01 8.908128E+01 8.870203E+01 8.804695E+01 8.803652E+01 
5.565667E+08 2.697283E+08 4.864030E+07 7.587138E+06 7.587138E+06 2.240857E+05 8.577348E+03 1.944635E+03 1.661725E+03 1.456225E+02 1.184138E+02 1.113747E+02 1.106071E+02 1.098519E+02 1.086043E+02 1.084828E+02 
2.001804E+09 3.368747E+08 9.505407E+06 9.505407E+06 1.251063E+06 6.897559E+04 2.428175E+03 1.795899E+03 1.666308E+03 1.651877E+03 5.852154E+01 5.603836E+01 5.331690E+01 5.214098E+01 5.165051E+01 5.144533E+01 
4.263769E+08 1.536170E+08 5.249570E+07 3.451851E+06 1.390122E+06 1.913260E+04 2.357432E+03 2.076382E+03 1.979425E+03 1.797667E+03 1.688329E+03 5.022899E+02 3.327803E+02 3.323343E+02 3.232571E+02 3.110993E+02 
4.011711E+06 4.011711E+06 4.011711E+06 4.011711E+06 1.543592E+06 2.236865E+05 6.638555E+03 2.817675E+03 8.889474E+02 2.164058E+02 2.149531E+02 2.130223E+02 2.112114E+02 2.085696E+02 2.064264E+02 2.063401E+02 
6.763260E+08 8.009865E+07 4.091617E+07 1.322584E+07 3.283629E+06 1.311760E+04 2.053550E+03 1.842756E+03 1.740901E+03 1.689017E+03 9.808013E+01 9.261097E+01 9.242151E+01 8.961119E+01 8.903157E+01 8.894282E+01 
8.689927E+08 7.404517E+07 3.658827E+07 8.909493E+06 3.404305E+06 5.329916E+04 4.489240E+03 3.379541E+03 3.176319E+03 2.468102E+03 7.414194E+02 7.291103E+02 1.465798E+02 1.461329E+02 1.460189E+02 1.459906E+02 
4.335625E+08 1.051069E+08 1.870769E+07 9.684496E+06 7.027433E+05 4.908682E+04 6.378084E+03 8.046119E+02 7.635958E+02 7.329086E+02 6.278593E+02 2.196166E+02 2.191161E+02 2.189920E+02 2.170929E+02 2.170731E+02 
1.131133E+09 4.650038E+07 1.135160E+07 1.135160E+07 1.495947E+06 3.620136E+05 2.466431E+03 8.336890E+02 7.188477E+02 2.024838E+02 1.901211E+02 1.817275E+02 1.641796E+02 1.631236E+02 1.625841E+02 1.625679E+02 
6.812461E+07 6.416516E+07 4.890159E+07 1.209702E+07 4.486883E+05 2.208614E+05 4.947141E+03 8.068556E+01 7.608490E+01 7.332175E+01 7.140082E+01 6.966375E+01 6.826754E+01 6.655893E+01 6.556264E+01 6.552778E+01 
8.707950E+08 1.115998E+08 5.121048E+07 1.057311E+07 5.430426E+05 7.452046E+04 3.513485E+03 7.502926E+02 7.130318E+02 6.494866E+02 3.154622E+02 1.700580E+02 1.679291E+02 1.637786E+02 1.607823E+02 1.607648E+02 
5.520284E+08 3.809239E+07 4.469613E+06 4.469613E+06 1.088090E+06 1.788061E+05 2.745954E+03 1.526960E+03 1.400764E+03 8.870126E+02 3.951006E+02 3.917023E+02 1.832543E+02 1.831294E+02 1.827689E+02 1.827506E+02 
1.034977E+09 1.369879E+08 9.048072E+07 1.229602E+07 9.707705E+03 9.707705E+03 1.731486E+03 7.735369E+02 7.416768E+02 7.296364E+02 7.146422E+02 1.178975E+02 1.172103E+02 1.027429E+02 1.016239E+02 1.016171E+02 
1.135734E+09 1.093481E+08 2.346479E+07 1.243138E+07 7.501621E+05 2.945671E+04 6.775762E+02 5.516032E+02 5.266350E+02 5.214151E+02 5.093424E+02 8.704025E+01 8.235893E+01 8.014502E+01 8.002236E+01 8.001679E+01 
2.880177E+08 5.431493E+07 1.542937E+07 1.306768E+06 9.085775E+05 4.271609E+05 7.595590E+03 1.015677E+03 9.286942E+02 8.971070E+02 4.781513E+02 4.636791E+02 2.204450E+02 2.132017E+02 2.129668E+02 2.129636E+02 
5.891921E+08 1.669941E+08 3.143622E+07 2.790522E+06 7.093161E+05 3.053134E+03 3.124613E+02 2.556077E+02 1.500160E+02 1.362118E+02 1.137419E+02 9.983891E+01 9.783018E+01 7.653022E+01 7.552807E+01 7.543475E+01 
1.111830E+09 4.405276E+08 7.729710E+07 1.488039E+07 2.118475E+06 3.486305E+05 5.806840E+03 1.359024E+02 1.097585E+02 6.512584E+01 5.380998E+01 5.085378E+01 4.590680E+01 3.947197E+01 3.564925E+01 3.555077E+01 
5.107807E+08 1.051697E+08 2.472648E+07 1.556701E+07 3.919861E+06 6.453173E+04 2.148304E+04 2.807985E+03 2.786318E+03 2.758972E+03 1.453940E+02 1.387210E+02 1.382643E+02 1.365460E+02 1.355196E+02 1.354269E+02 
2.573302E+08 4.250027E+07 9.716470E+05 9.716470E+05 2.930774E+05 1.398682E+05 3.319800E+03 2.281145E+03 2.176339E+03 5.013930E+02 1.879228E+02 1.854457E+02 1.849077E+02 1.836222E+02 1.833239E+02 1.832871E+02 
1.069161E+09 2.315295E+08 1.815386E+07 7.933967E+06 7.232817E+05 2.205100E+05 9.139668E+03 6.263555E+03 6.159940E+03 6.133975E+03 6.081640E+03 1.821183E+02 1.820650E+02 1.800641E+02 1.798433E+02 1.797978E+02 
