4.245015E+03 9.616096E+02 4.372970E+02 2.131123E+02 1.409503E+02 1.077870E+02 1.011378E+02 1.010615E+02 1.010492E+02 1.010380E+02 1.010367E+02 1.010341E+02 1.010339E+02 1.010339E+02 1.010339E+02 1.010339E+02 
5.550914E+03 5.550914E+03 5.550914E+03 5.102443E+03 4.909036E+03 4.345377E+03 3.292100E+03 2.527878E+03 2.375412E+03 2.374544E+03 2.374452E+03 2.374437E+03 2.374436E+03 2.374436E+03 2.374436E+03 2.374436E+03 
5.493727E+03 5.493727E+03 5.493727E+03 4.387568E+03 3.434710E+03 3.071381E+03 2.791236E+03 2.716427E+03 2.708514E+03 2.708106E+03 2.707677E+03 2.707634E+03 2.707630E+03 2.707628E+03 2.707628E+03 2.707628E+03 
5.910842E+03 5.848745E+03 5.211495E+03 4.689266E+03 4.317484E+03 3.497318E+03 3.269596E+03 2.850306E+03 2.783048E+03 2.781364E+03 2.781087E+03 2.781043E+03 2.781038E+03 2.781038E+03 2.781038E+03 2.781038E+03 
5.523559E+03 5.523559E+03 5.303872E+03 4.279048E+03 4.074505E+03 3.780205E+03 3.559878E+03 3.087405E+03 3.068403E+03 3.068294E+03 3.068285E+03 3.068283E+03 3.068283E+03 3.068283E+03 3.068283E+03 3.068283E+03 
5.798076E+03 5.798076E+03 4.870375E+03 4.690064E+03 4.402268E+03 3.773177E+03 3.040735E+03 2.819276E+03 2.812674E+03 2.812620E+03 2.812617E+03 2.812617E+03 2.812617E+03 2.812617E+03 2.812617E+03 2.812617E+03 
6.130229E+03 6.130229E+03 5.133654E+03 5.133654E+03 5.105966E+03 1.374650E+02 1.013364E+02 1.011764E+02 1.011482E+02 1.011378E+02 1.011172E+02 1.011069E+02 1.011061E+02 1.011060E+02 1.011060E+02 1.011060E+02 
5.777105E+03 5.777105E+03 5.412455E+03 5.010165E+03 4.944811E+03 4.000906E+03 3.351750E+03 1.956653E+03 1.756096E+03 1.756070E+03 1.756069E+03 1.756069E+03 1.756069E+03 1.756069E+03 1.756069E+03 1.756069E+03 
5.697191E+03 5.451086E+03 4.410585E+03 4.410585E+03 2.059349E+02 1.311273E+02 1.184311E+02 1.112526E+02 1.008369E+02 1.008301E+02 1.008251E+02 1.008211E+02 1.008202E+02 1.008202E+02 1.008202E+02 1.008202E+02 
2.425898E+03 7.439069E+02 4.419127E+02 1.595007E+02 1.347248E+02 1.139649E+02 1.011723E+02 1.009713E+02 1.008687E+02 1.008564E+02 1.008485E+02 1.008434E+02 1.008426E+02 1.008426E+02 1.008426E+02 1.008426E+02 
5.416194E+03 5.416194E+03 5.416194E+03 5.233843E+03 5.129328E+03 5.086335E+03 4.553921E+03 3.381177E+03 3.011442E+03 3.009878E+03 3.009868E+03 3.009868E+03 3.009868E+03 3.009868E+03 3.009868E+03 3.009868E+03 
6.033059E+03 6.033059E+03 5.520748E+03 4.896938E+03 4.414671E+03 4.414671E+03 4.414671E+03 2.116771E+03 1.776215E+03 1.776155E+03 1.776154E+03 1.776154E+03 1.776154E+03 1.776154E+03 1.776154E+03 1.776154E+03 
5.850685E+03 5.850685E+03 5.268922E+03 4.443144E+03 4.443144E+03 4.443144E+03 4.178546E+03 2.688712E+03 2.268042E+03 2.256530E+03 2.256158E+03 2.256133E+03 2.256131E+03 2.256131E+03 2.256131E+03 2.256131E+03 
5.659279E+03 5.065202E+03 5.065202E+03 4.918832E+03 4.113895E+03 3.423696E+03 2.562912E+03 2.268374E+03 2.257417E+03 2.257295E+03 2.257289E+03 2.257289E+03 2.257289E+03 2.257289E+03 2.257289E+03 2.257289E+03 
5.671982E+03 5.518471E+03 1.908695E+03 1.955224E+02 1.237430E+02 1.134221E+02 1.009108E+02 1.008403E+02 1.008265E+02 1.007807E+02 1.007537E+02 1.007428E+02 1.007420E+02 1.007420E+02 1.007420E+02 1.007420E+02 
5.781590E+03 5.779870E+03 5.083618E+03 5.083618E+03 5.083618E+03 5.083618E+03 3.744134E+03 1.964966E+03 1.594800E+03 1.594605E+03 1.594603E+03 1.594603E+03 1.594603E+03 1.594603E+03 1.594603E+03 1.594603E+03 
5.088623E+03 5.088623E+03 4.678810E+03 4.678810E+03 4.646797E+03 4.158958E+03 4.054025E+03 4.054025E+03 1.379447E+02 1.009829E+02 1.009779E+02 1.009752E+02 1.009715E+02 1.009714E+02 1.009714E+02 1.009714E+02 
3.544842E+03 2.764463E+03 4.142568E+02 1.516702E+02 1.232485E+02 1.145214E+02 1.068400E+02 1.019999E+02 1.018459E+02 1.017762E+02 1.016711E+02 1.016101E+02 1.015976E+02 1.015974E+02 1.015974E+02 1.015974E+02 
5.232307E+03 5.232307E+03 5.166706E+03 4.357825E+03 4.057823E+03 4.057823E+03 4.057823E+03 2.155924E+03 1.959274E+03 1.958065E+03 1.957966E+03 1.957946E+03 1.957943E+03 1.957943E+03 1.957943E+03 1.957943E+03 
1.517831E+03 8.284256E+02 4.256558E+02 1.322575E+02 1.202032E+02 1.017449E+02 1.011583E+02 1.009543E+02 1.008511E+02 1.008171E+02 1.008031E+02 1.007919E+02 1.007915E+02 1.007915E+02 1.007915E+02 1.007915E+02 
5.783465E+03 5.783465E+03 4.300204E+03 9.158271E+02 1.891405E+02 1.411437E+02 1.265741E+02 1.192043E+02 1.028318E+02 1.026852E+02 1.024996E+02 1.021165E+02 1.020639E+02 1.020624E+02 1.020624E+02 1.020623E+02 
5.898262E+03 5.793235E+03 5.169067E+03 5.029699E+03 4.798445E+03 4.211254E+03 1.608962E+02 1.321358E+02 1.160480E+02 1.012014E+02 1.011716E+02 1.011691E+02 1.011686E+02 1.011686E+02 1.011686E+02 1.011686E+02 
5.910658E+03 4.830090E+03 4.830090E+03 3.920653E+03 3.704454E+03 2.979548E+03 1.169038E+03 8.831588E+02 8.661019E+02 8.660887E+02 8.660866E+02 8.660866E+02 8.660866E+02 8.660866E+02 8.660866E+02 8.660866E+02 
1.749453E+03 1.263260E+03 3.297205E+02 1.642756E+02 1.345859E+02 1.212389E+02 1.125104E+02 1.066548E+02 1.006347E+02 1.005926E+02 1.005825E+02 1.005753E+02 1.005749E+02 1.005749E+02 1.005749E+02 1.005749E+02 
5.028807E+03 5.028807E+03 5.028807E+03 5.028807E+03 4.462688E+03 4.462688E+03 3.605741E+03 2.208740E+03 2.126465E+03 2.126444E+03 2.126442E+03 2.126442E+03 2.126442E+03 2.126442E+03 2.126442E+03 2.126442E+03 
5.641296E+03 5.641296E+03 5.079686E+03 4.995772E+03 4.781027E+03 4.781027E+03 4.426973E+03 3.535330E+03 3.437344E+03 3.427962E+03 3.427519E+03 3.427471E+03 3.427458E+03 3.427448E+03 3.427448E+03 3.427439E+03 
5.717504E+03 5.371373E+03 4.951236E+03 4.951236E+03 4.817462E+03 3.942915E+03 2.248958E+03 1.488893E+03 1.412167E+03 1.412149E+03 1.412147E+03 1.412147E+03 1.412147E+03 1.412147E+03 1.412147E+03 1.412147E+03 
5.262098E+03 5.262098E+03 4.104038E+03 3.225958E+03 2.417382E+02 1.208220E+02 1.013730E+02 1.011297E+02 1.010305E+02 1.009616E+02 1.009252E+02 1.009111E+02 1.009082E+02 1.009082E+02 1.009082E+02 1.009082E+02 
6.272443E+03 4.931298E+03 4.931298E+03 4.828617E+03 3.943118E+03 3.245372E+03 2.795798E+03 2.353724E+03 2.339616E+03 2.339587E+03 2.339585E+03 2.339585E+03 2.339585E+03 2.339585E+03 2.339585E+03 2.339585E+03 
5.504779E+03 5.418783E+03 4.914576E+03 3.621701E+02 1.480016E+02 1.142458E+02 1.015302E+02 1.015282E+02 1.014508E+02 1.014170E+02 1.013443E+02 1.012594E+02 1.012510E+02 1.012507E+02 1.012507E+02 1.012507E+02 
