2.092371E+02 2.092371E+02 2.092371E+02 2.092371E+02 1.307184E+02 1.307184E+02 1.307184E+02 9.241106E+01 8.307462E+01 8.307462E+01 8.307462E+01 8.307462E+01 6.964282E+01 6.964282E+01 6.964282E+01 6.507838E+01 
1.976690E+02 1.976690E+02 1.976690E+02 1.976690E+02 1.713370E+02 1.713370E+02 1.231000E+02 6.558920E+01 6.558920E+01 6.558920E+01 6.558920E+01 6.558920E+01 6.558920E+01 6.558920E+01 6.558920E+01 6.558920E+01 
5.330849E+02 1.992288E+02 9.788944E+01 9.788944E+01 9.788944E+01 9.788944E+01 9.788944E+01 9.788944E+01 9.788944E+01 7.461395E+01 7.461395E+01 6.948542E+01 6.948542E+01 6.948542E+01 6.948542E+01 6.948542E+01 
8.049363E+01 8.049363E+01 8.049363E+01 8.049363E+01 8.049363E+01 7.673909E+01 7.673909E+01 7.673909E+01 7.641225E+01 7.183367E+01 7.183367E+01 7.034131E+01 6.952653E+01 6.952653E+01 6.196758E+01 6.196758E+01 
5.801252E+02 4.348724E+02 3.654046E+02 2.547150E+02 2.180936E+02 9.763440E+01 9.763440E+01 9.763440E+01 9.763440E+01 9.763440E+01 9.524255E+01 9.524255E+01 7.160624E+01 7.160624E+01 6.839978E+01 6.542300E+01 
2.870103E+02 2.870103E+02 2.662778E+02 2.662778E+02 2.591457E+02 2.591457E+02 1.117304E+02 1.117304E+02 9.722555E+01 9.722555E+01 9.722555E+01 9.722555E+01 6.636749E+01 6.636749E+01 6.636749E+01 6.636749E+01 
3.053984E+02 3.053984E+02 1.546787E+02 1.546787E+02 1.546787E+02 6.339446E+01 6.339446E+01 5.934327E+01 5.934327E+01 5.934327E+01 5.934327E+01 5.934327E+01 5.934327E+01 5.934327E+01 5.934327E+01 5.934327E+01 
1.444447E+02 1.249705E+02 1.249705E+02 1.249705E+02 1.249705E+02 1.249705E+02 8.933870E+01 8.933870E+01 8.933870E+01 8.933870E+01 7.496263E+01 6.951407E+01 6.703637E+01 6.703637E+01 6.067833E+01 6.067833E+01 
8.331153E+01 6.415494E+01 6.415494E+01 6.415494E+01 6.415494E+01 6.415494E+01 6.415494E+01 6.415494E+01 6.415494E+01 6.415494E+01 6.415494E+01 6.415494E+01 6.415494E+01 6.415494E+01 6.415494E+01 6.017934E+01 
5.037299E+02 3.115789E+02 1.924441E+02 1.924441E+02 7.566299E+01 7.566299E+01 7.566299E+01 7.566299E+01 7.566299E+01 7.566299E+01 7.566299E+01 7.566299E+01 7.566299E+01 6.015162E+01 6.015162E+01 5.872004E+01 
2.369011E+02 2.369011E+02 2.369011E+02 2.369011E+02 1.259565E+02 1.259565E+02 1.259565E+02 5.463847E+01 5.463847E+01 5.463847E+01 5.463847E+01 5.463847E+01 5.463847E+01 5.463847E+01 5.463847E+01 5.463847E+01 
4.366591E+02 1.874668E+02 1.874668E+02 1.874668E+02 1.874668E+02 1.474185E+02 8.868043E+01 8.868043E+01 8.868043E+01 8.868043E+01 8.868043E+01 8.868043E+01 6.529738E+01 6.529738E+01 6.529738E+01 6.529738E+01 
7.071815E+01 7.071815E+01 7.071815E+01 7.071815E+01 7.071815E+01 5.362425E+01 5.362425E+01 5.362425E+01 5.362425E+01 5.362425E+01 5.362425E+01 5.362425E+01 5.362425E+01 5.196907E+01 5.196907E+01 5.196907E+01 
2.233069E+02 1.940794E+02 1.940794E+02 1.940794E+02 1.940794E+02 6.004223E+01 6.004223E+01 6.004223E+01 6.004223E+01 6.004223E+01 6.004223E+01 6.004223E+01 6.004223E+01 6.004223E+01 6.004223E+01 6.004223E+01 
3.287418E+02 3.287418E+02 1.931395E+02 1.931395E+02 1.931395E+02 1.447236E+02 1.029759E+02 6.356914E+01 6.356914E+01 6.351902E+01 6.351902E+01 6.351902E+01 6.351902E+01 6.351902E+01 5.846372E+01 5.846372E+01 
5.664229E+02 3.418358E+02 2.774568E+02 1.495658E+02 1.100504E+02 1.100504E+02 7.533199E+01 7.533199E+01 7.533199E+01 7.533199E+01 7.533199E+01 6.721110E+01 6.721110E+01 6.495483E+01 6.495483E+01 6.495483E+01 
2.526597E+02 2.526597E+02 1.837335E+02 1.837335E+02 1.837335E+02 1.837335E+02 8.434710E+01 8.434710E+01 8.434710E+01 6.453430E+01 6.453430E+01 5.915994E+01 5.915994E+01 5.915994E+01 5.915994E+01 5.915994E+01 
7.969406E+01 7.969406E+01 7.969406E+01 7.969406E+01 7.969406E+01 7.969406E+01 7.969406E+01 7.969406E+01 7.969406E+01 7.311225E+01 5.822509E+01 5.822509E+01 5.822509E+01 5.822509E+01 5.822509E+01 5.822509E+01 
3.668451E+02 2.181390E+02 1.505468E+02 1.505468E+02 1.267920E+02 1.267920E+02 1.118234E+02 9.298259E+01 9.298259E+01 6.592605E+01 5.425951E+01 5.425951E+01 5.425951E+01 5.425951E+01 5.425951E+01 5.425951E+01 
2.681392E+02 1.822346E+02 1.822346E+02 1.822346E+02 9.408631E+01 9.408631E+01 7.077206E+01 7.077206E+01 7.077206E+01 6.985974E+01 6.985974E+01 5.460751E+01 5.460751E+01 5.460751E+01 5.460751E+01 5.460751E+01 
3.299498E+02 2.403508E+02 2.403508E+02 2.403508E+02 1.594239E+02 8.257963E+01 8.257963E+01 6.818191E+01 6.818191E+01 6.818191E+01 6.818191E+01 6.818191E+01 6.818191E+01 6.126893E+01 6.126893E+01 5.506486E+01 
5.098769E+02 4.306112E+02 2.199238E+02 7.408055E+01 7.408055E+01 7.408055E+01 7.408055E+01 7.408055E+01 6.410094E+01 6.410094E+01 6.410094E+01 4.611913E+01 4.611913E+01 4.611913E+01 4.611913E+01 4.611913E+01 
4.484651E+01 4.484651E+01 4.484651E+01 4.484651E+01 4.484651E+01 4.484651E+01 4.484651E+01 4.484651E+01 4.484651E+01 4.484651E+01 4.484651E+01 4.484651E+01 4.484651E+01 4.484651E+01 4.484651E+01 4.484651E+01 
6.363530E+02 6.363530E+02 4.042933E+02 1.486370E+02 1.486370E+02 1.486370E+02 1.486370E+02 1.180015E+02 1.180015E+02 6.723236E+01 6.723236E+01 6.723236E+01 6.723236E+01 6.723236E+01 6.723236E+01 6.723236E+01 
2.983392E+02 2.155536E+02 1.795916E+02 1.795916E+02 1.795916E+02 9.540288E+01 9.540288E+01 9.540288E+01 9.479964E+01 9.479964E+01 7.798746E+01 7.798746E+01 7.798746E+01 7.607291E+01 6.937027E+01 5.957569E+01 
2.333245E+02 2.333245E+02 2.333245E+02 2.050425E+02 2.048996E+02 2.048996E+02 5.425075E+01 5.425075E+01 5.425075E+01 5.425075E+01 5.425075E+01 5.425075E+01 5.425075E+01 5.425075E+01 5.425075E+01 5.425075E+01 
1.626533E+02 1.626533E+02 1.626533E+02 1.626533E+02 1.626533E+02 1.266221E+02 5.880740E+01 5.880740E+01 5.880740E+01 5.880740E+01 5.880740E+01 5.880740E+01 5.353853E+01 5.353853E+01 5.353853E+01 5.353853E+01 
4.557402E+02 3.133136E+02 1.536369E+02 1.536369E+02 1.494667E+02 1.231099E+02 9.454584E+01 6.696281E+01 6.696281E+01 6.696281E+01 6.696281E+01 6.696281E+01 6.212930E+01 6.212930E+01 6.212930E+01 6.212930E+01 
3.565305E+02 3.565305E+02 3.164676E+02 2.775023E+02 2.775023E+02 1.585722E+02 1.301306E+02 9.238800E+01 7.245411E+01 7.245411E+01 7.245411E+01 7.095167E+01 7.043483E+01 7.043483E+01 7.043483E+01 6.779328E+01 
2.596108E+02 2.596108E+02 2.443701E+02 1.017262E+02 1.017262E+02 9.296816E+01 9.296816E+01 9.296816E+01 9.296816E+01 7.946451E+01 7.067607E+01 6.174895E+01 6.174895E+01 6.174895E+01 6.174895E+01 6.174895E+01 
