3.024669E+03 3.024669E+03 3.024669E+03 3.024669E+03 3.024669E+03 3.024669E+03 3.024669E+03 3.024669E+03 3.024669E+03 3.024669E+03 3.024669E+03 3.024669E+03 3.024669E+03 3.024669E+03 3.024669E+03 3.024669E+03 
2.025843E+03 2.025843E+03 2.025843E+03 2.025843E+03 2.025843E+03 2.025843E+03 2.025843E+03 2.025843E+03 2.025843E+03 2.025843E+03 2.025843E+03 2.025843E+03 2.025843E+03 2.025843E+03 2.025843E+03 2.025843E+03 
2.198887E+03 2.198887E+03 2.198887E+03 2.198887E+03 2.198887E+03 2.198887E+03 2.198887E+03 2.198887E+03 2.198887E+03 2.198887E+03 2.198887E+03 2.198887E+03 2.198887E+03 2.198887E+03 2.198887E+03 2.198887E+03 
8.756296E+02 8.756296E+02 8.756296E+02 8.756296E+02 8.756296E+02 8.756296E+02 8.756296E+02 8.756296E+02 8.756296E+02 8.756296E+02 8.756296E+02 8.756296E+02 8.756296E+02 8.756296E+02 8.756296E+02 8.756296E+02 
1.853746E+03 1.853746E+03 1.853746E+03 1.853746E+03 1.853746E+03 1.853746E+03 1.853746E+03 1.853746E+03 1.853746E+03 1.853746E+03 1.853746E+03 1.853746E+03 1.853746E+03 1.853746E+03 1.853746E+03 1.853746E+03 
3.681235E+02 3.681235E+02 3.681235E+02 3.681235E+02 3.681235E+02 3.681235E+02 3.681235E+02 3.681235E+02 3.681235E+02 3.681235E+02 3.681235E+02 3.681235E+02 3.681235E+02 3.681235E+02 3.681235E+02 3.681235E+02 
1.675503E+03 1.675503E+03 1.675503E+03 1.675503E+03 1.675503E+03 1.675503E+03 1.675503E+03 1.675503E+03 1.675503E+03 1.675503E+03 1.675503E+03 1.675503E+03 1.675503E+03 1.675503E+03 1.675503E+03 1.675503E+03 
2.148584E+03 2.148584E+03 2.148584E+03 2.148584E+03 2.148584E+03 2.148584E+03 2.148584E+03 2.148584E+03 2.148584E+03 2.148584E+03 2.148584E+03 2.148584E+03 2.148584E+03 2.148584E+03 2.148584E+03 2.148584E+03 
2.263653E+03 2.263653E+03 2.263653E+03 2.263653E+03 2.263653E+03 2.263653E+03 2.263653E+03 2.263653E+03 2.263653E+03 2.263653E+03 2.263653E+03 2.263653E+03 2.263653E+03 2.263653E+03 2.263653E+03 2.263653E+03 
2.970142E+03 2.970142E+03 2.970142E+03 2.970142E+03 2.970142E+03 2.970142E+03 2.970142E+03 2.970142E+03 2.970142E+03 2.970142E+03 2.970142E+03 2.970142E+03 2.970142E+03 2.970142E+03 2.970142E+03 2.970142E+03 
4.185882E+03 4.185882E+03 4.185882E+03 4.185882E+03 4.185882E+03 4.185882E+03 4.185882E+03 4.185882E+03 4.185882E+03 4.185882E+03 4.185882E+03 4.185882E+03 4.185882E+03 4.185882E+03 4.185882E+03 4.185882E+03 
3.768015E+02 3.768015E+02 3.768015E+02 3.768015E+02 3.768015E+02 3.768015E+02 3.768015E+02 3.768015E+02 3.768015E+02 3.768015E+02 3.768015E+02 3.768015E+02 3.768015E+02 3.768015E+02 3.768015E+02 3.768015E+02 
2.783720E+03 2.783720E+03 2.783720E+03 2.783720E+03 2.783720E+03 2.783720E+03 2.783720E+03 2.783720E+03 2.783720E+03 2.783720E+03 2.783720E+03 2.783720E+03 2.783720E+03 2.783720E+03 2.783720E+03 2.783720E+03 
2.159479E+03 2.159479E+03 2.159479E+03 2.159479E+03 2.159479E+03 2.159479E+03 2.159479E+03 2.159479E+03 2.159479E+03 2.159479E+03 2.159479E+03 2.159479E+03 2.159479E+03 2.159479E+03 2.159479E+03 2.159479E+03 
2.598190E+03 2.598190E+03 2.598190E+03 2.598190E+03 2.598190E+03 2.598190E+03 2.598190E+03 2.598190E+03 2.598190E+03 2.598190E+03 2.598190E+03 2.598190E+03 2.598190E+03 2.598190E+03 2.598190E+03 2.598190E+03 
2.493379E+03 2.493379E+03 2.493379E+03 2.493379E+03 2.493379E+03 2.493379E+03 2.493379E+03 2.493379E+03 2.493379E+03 2.493379E+03 2.493379E+03 2.493379E+03 2.493379E+03 2.493379E+03 2.493379E+03 2.493379E+03 
9.715674E+02 9.715674E+02 9.715674E+02 9.715674E+02 9.715674E+02 9.715674E+02 9.715674E+02 9.715674E+02 9.715674E+02 9.715674E+02 9.715674E+02 9.715674E+02 9.715674E+02 9.715674E+02 9.715674E+02 9.715674E+02 
2.308311E+03 2.308311E+03 2.308311E+03 2.308311E+03 2.308311E+03 2.308311E+03 2.308311E+03 2.308311E+03 2.308311E+03 2.308311E+03 2.308311E+03 2.308311E+03 2.308311E+03 2.308311E+03 2.308311E+03 2.308311E+03 
1.557692E+03 1.557692E+03 1.557692E+03 1.557692E+03 1.557692E+03 1.557692E+03 1.557692E+03 1.557692E+03 1.557692E+03 1.557692E+03 1.557692E+03 1.557692E+03 1.557692E+03 1.557692E+03 1.557692E+03 1.557692E+03 
1.381622E+03 1.381622E+03 1.381622E+03 1.381622E+03 1.381622E+03 1.381622E+03 1.381622E+03 1.381622E+03 1.381622E+03 1.381622E+03 1.381622E+03 1.381622E+03 1.381622E+03 1.381622E+03 1.381622E+03 1.381622E+03 
2.158151E+03 2.158151E+03 2.158151E+03 2.158151E+03 2.158151E+03 2.158151E+03 2.158151E+03 2.158151E+03 2.158151E+03 2.158151E+03 2.158151E+03 2.158151E+03 2.158151E+03 2.158151E+03 2.158151E+03 2.158151E+03 
1.062581E+03 1.062581E+03 1.062581E+03 1.062581E+03 1.062581E+03 1.062581E+03 1.062581E+03 1.062581E+03 1.062581E+03 1.062581E+03 1.062581E+03 1.062581E+03 1.062581E+03 1.062581E+03 1.062581E+03 1.062581E+03 
3.288111E+03 3.288111E+03 3.288111E+03 3.288111E+03 3.288111E+03 3.288111E+03 3.288111E+03 3.288111E+03 3.288111E+03 3.288111E+03 3.288111E+03 3.288111E+03 3.288111E+03 3.288111E+03 3.288111E+03 3.288111E+03 
2.402152E+03 2.402152E+03 2.402152E+03 2.402152E+03 2.402152E+03 2.402152E+03 2.402152E+03 2.402152E+03 2.402152E+03 2.402152E+03 2.402152E+03 2.402152E+03 2.402152E+03 2.402152E+03 2.402152E+03 2.402152E+03 
2.085360E+03 2.085360E+03 2.085360E+03 2.085360E+03 2.085360E+03 2.085360E+03 2.085360E+03 2.085360E+03 2.085360E+03 2.085360E+03 2.085360E+03 2.085360E+03 2.085360E+03 2.085360E+03 2.085360E+03 2.085360E+03 
1.949798E+03 1.949798E+03 1.949798E+03 1.949798E+03 1.949798E+03 1.949798E+03 1.949798E+03 1.949798E+03 1.949798E+03 1.949798E+03 1.949798E+03 1.949798E+03 1.949798E+03 1.949798E+03 1.949798E+03 1.949798E+03 
2.572924E+03 2.572924E+03 2.572924E+03 2.572924E+03 2.572924E+03 2.572924E+03 2.572924E+03 2.572924E+03 2.572924E+03 2.572924E+03 2.572924E+03 2.572924E+03 2.572924E+03 2.572924E+03 2.572924E+03 2.572924E+03 
2.063081E+03 2.063081E+03 2.063081E+03 2.063081E+03 2.063081E+03 2.063081E+03 2.063081E+03 2.063081E+03 2.063081E+03 2.063081E+03 2.063081E+03 2.063081E+03 2.063081E+03 2.063081E+03 2.063081E+03 2.063081E+03 
2.896910E+03 2.896910E+03 2.896910E+03 2.896910E+03 2.896910E+03 2.896910E+03 2.896910E+03 2.896910E+03 2.896910E+03 2.896910E+03 2.896910E+03 2.896910E+03 2.896910E+03 2.896910E+03 2.896910E+03 2.896910E+03 
2.351225E+03 2.351225E+03 2.351225E+03 2.351225E+03 2.351225E+03 2.351225E+03 2.351225E+03 2.351225E+03 2.351225E+03 2.351225E+03 2.351225E+03 2.351225E+03 2.351225E+03 2.351225E+03 2.351225E+03 2.351225E+03 
