1.419200E+03 1.241619E+03 1.569944E+02 8.646322E+01 6.380828E+01 6.207152E+01 3.899607E+01 3.507484E+01 3.481179E+01 3.468502E+01 3.467431E+01 3.467079E+01 3.467005E+01 3.467004E+01 3.467004E+01 3.467004E+01 
1.034909E+03 7.689529E+02 4.989930E+02 4.759364E+02 1.782649E+02 1.619349E+02 1.486167E+02 1.458977E+02 1.457232E+02 1.456784E+02 1.456574E+02 1.456563E+02 1.456563E+02 1.456563E+02 1.456563E+02 1.456563E+02 
1.683080E+03 8.364113E+02 6.620361E+02 3.674705E+02 1.816166E+02 1.678469E+02 1.592325E+02 1.563555E+02 1.560250E+02 1.558486E+02 1.558044E+02 1.558001E+02 1.557926E+02 1.557896E+02 1.557896E+02 1.557896E+02 
7.885476E+02 7.770085E+02 3.436888E+02 2.116522E+02 1.821639E+02 1.507108E+02 1.475641E+02 1.418452E+02 1.415273E+02 1.414858E+02 1.414736E+02 1.414719E+02 1.414719E+02 1.414719E+02 1.414719E+02 1.414719E+02 
9.114739E+02 7.852839E+02 2.282687E+02 5.803915E+01 5.803915E+01 4.000642E+01 3.092577E+01 2.922741E+01 2.900627E+01 2.895100E+01 2.893385E+01 2.893065E+01 2.893059E+01 2.893059E+01 2.893059E+01 2.893059E+01 
3.087026E+02 3.087026E+02 2.227597E+02 1.794436E+02 8.378552E+01 5.072791E+01 3.702011E+01 3.303887E+01 3.277537E+01 3.239061E+01 3.237782E+01 3.237694E+01 3.237682E+01 3.237682E+01 3.237682E+01 3.237682E+01 
4.594009E+03 8.566120E+02 5.250073E+02 3.341085E+02 5.754116E+01 5.113407E+01 3.230737E+01 2.944600E+01 2.925135E+01 2.915825E+01 2.913335E+01 2.912185E+01 2.911977E+01 2.911927E+01 2.911927E+01 2.911927E+01 
1.004880E+03 1.504273E+02 1.504273E+02 9.514589E+01 5.120402E+01 3.677000E+01 2.929140E+01 2.755019E+01 2.739758E+01 2.734198E+01 2.731910E+01 2.731468E+01 2.730692E+01 2.730692E+01 2.730681E+01 2.730681E+01 
3.673827E+03 1.431041E+03 3.528686E+02 6.970815E+01 6.970815E+01 4.861126E+01 3.561108E+01 3.102381E+01 2.948947E+01 2.941728E+01 2.940738E+01 2.940576E+01 2.940571E+01 2.940562E+01 2.940562E+01 2.940562E+01 
2.774481E+03 8.031100E+02 7.802480E+02 1.757435E+02 1.162634E+02 6.460334E+01 4.059290E+01 3.106495E+01 3.089844E+01 3.085322E+01 3.082055E+01 3.080855E+01 3.080817E+01 3.080817E+01 3.080817E+01 3.080817E+01 
7.877841E+02 3.505488E+02 2.041251E+02 7.635319E+01 5.733327E+01 4.419352E+01 3.049235E+01 2.531210E+01 2.522394E+01 2.512828E+01 2.508398E+01 2.507440E+01 2.506968E+01 2.506247E+01 2.506230E+01 2.506230E+01 
9.116382E+02 4.516955E+02 1.762002E+02 1.762002E+02 1.308707E+02 1.064762E+02 8.885488E+01 8.652623E+01 8.626221E+01 8.619015E+01 8.617352E+01 8.616801E+01 8.616796E+01 8.616783E+01 8.616782E+01 8.616782E+01 
1.049455E+03 1.049455E+03 3.280526E+02 3.280526E+02 6.168722E+01 5.086551E+01 4.682469E+01 4.479613E+01 4.461892E+01 4.455666E+01 4.454315E+01 4.454038E+01 4.454000E+01 4.453988E+01 4.453988E+01 4.453988E+01 
4.320842E+03 3.439383E+03 9.121608E+02 3.103786E+02 1.742807E+02 1.628148E+02 1.530104E+02 1.493110E+02 1.490969E+02 1.490052E+02 1.489735E+02 1.489653E+02 1.489650E+02 1.489650E+02 1.489650E+02 1.489650E+02 
5.125046E+03 1.328447E+03 5.622035E+02 2.910667E+02 5.763839E+01 4.117074E+01 3.059004E+01 2.877737E+01 2.841385E+01 2.833396E+01 2.831963E+01 2.831813E+01 2.831752E+01 2.831752E+01 2.831752E+01 2.831752E+01 
8.085130E+02 7.110275E+02 1.884040E+02 1.773269E+02 1.773269E+02 1.519269E+02 1.457352E+02 1.451848E+02 1.449995E+02 1.449358E+02 1.449124E+02 1.449096E+02 1.449095E+02 1.449095E+02 1.449095E+02 1.449095E+02 
1.508519E+03 7.997492E+02 2.070476E+02 1.004308E+02 5.996595E+01 4.129476E+01 3.637137E+01 3.365560E+01 3.356963E+01 3.319806E+01 3.317552E+01 3.317132E+01 3.317126E+01 3.317126E+01 3.317112E+01 3.317112E+01 
9.224639E+02 9.080810E+02 6.272638E+02 3.160111E+02 3.160111E+02 1.759252E+02 1.557027E+02 1.529150E+02 1.528090E+02 1.527636E+02 1.527526E+02 1.527513E+02 1.527513E+02 1.527513E+02 1.527513E+02 1.527513E+02 
1.045568E+03 7.382676E+02 4.242678E+02 2.355756E+02 9.913199E+01 6.100647E+01 6.078539E+01 3.006885E+01 2.988429E+01 2.979237E+01 2.976211E+01 2.975859E+01 2.975831E+01 2.975822E+01 2.975821E+01 2.975821E+01 
2.865893E+02 2.865893E+02 1.474022E+02 1.098485E+02 6.610421E+01 5.278375E+01 4.546875E+01 4.342210E+01 4.336732E+01 4.325052E+01 4.323832E+01 4.323695E+01 4.323692E+01 4.323685E+01 4.323685E+01 4.323684E+01 
2.616350E+03 1.953063E+03 5.156105E+02 7.814322E+01 7.814322E+01 4.246878E+01 3.041957E+01 2.643572E+01 2.609057E+01 2.596008E+01 2.593355E+01 2.592422E+01 2.592255E+01 2.591958E+01 2.591957E+01 2.591957E+01 
7.118580E+02 6.646376E+02 3.664970E+02 2.119779E+02 2.051497E+02 1.596325E+02 1.470409E+02 1.435147E+02 1.433566E+02 1.432941E+02 1.432785E+02 1.432714E+02 1.432713E+02 1.432713E+02 1.432713E+02 1.432713E+02 
1.353098E+03 5.417508E+02 3.080532E+02 1.595465E+02 8.103580E+01 3.950865E+01 2.973858E+01 2.693695E+01 2.683084E+01 2.677719E+01 2.676448E+01 2.676338E+01 2.676326E+01 2.676326E+01 2.676326E+01 2.676326E+01 
7.686651E+02 7.233891E+02 5.129196E+02 1.537094E+02 7.081650E+01 6.879547E+01 6.187765E+01 3.578498E+01 3.282436E+01 3.265396E+01 3.249652E+01 3.244867E+01 3.244306E+01 3.244086E+01 3.244086E+01 3.244086E+01 
1.114066E+04 1.114066E+04 2.317502E+02 1.098075E+02 6.236923E+01 5.594041E+01 5.200898E+01 2.748794E+01 2.678647E+01 2.673770E+01 2.672358E+01 2.672084E+01 2.672002E+01 2.671975E+01 2.671974E+01 2.671973E+01 
3.253843E+03 3.253843E+03 8.997938E+02 4.246297E+02 2.988680E+02 2.783160E+02 2.747472E+02 2.701690E+02 2.701068E+02 2.700086E+02 2.699965E+02 2.699944E+02 2.699940E+02 2.699940E+02 2.699940E+02 2.699940E+02 
1.461266E+03 1.371413E+03 4.341169E+02 1.766487E+02 1.765026E+02 1.554422E+02 1.481596E+02 1.462524E+02 1.460905E+02 1.460163E+02 1.459943E+02 1.459917E+02 1.459917E+02 1.459917E+02 1.459917E+02 1.459917E+02 
6.078481E+02 5.789248E+02 4.980054E+02 2.227830E+02 1.638815E+02 1.568182E+02 1.478387E+02 1.412641E+02 1.405606E+02 1.405106E+02 1.405006E+02 1.404994E+02 1.404992E+02 1.404992E+02 1.404992E+02 1.404992E+02 
7.809128E+02 4.496617E+02 3.288471E+02 3.288471E+02 3.288471E+02 2.747503E+02 2.663465E+02 2.639789E+02 2.635890E+02 2.634887E+02 2.634771E+02 2.634753E+02 2.634752E+02 2.634752E+02 2.634752E+02 2.634752E+02 
4.403432E+04 1.017875E+03 7.371340E+02 2.169802E+02 2.117516E+02 1.571856E+02 1.510164E+02 1.478946E+02 1.478526E+02 1.478145E+02 1.478057E+02 1.478046E+02 1.478045E+02 1.478044E+02 1.478044E+02 1.478044E+02 
