5.812795E+07 1.277412E+06 9.646441E+04 9.646441E+04 4.062398E+04 4.062398E+04 2.177901E+04 1.696470E+04 8.394529E+03 4.936439E+03 2.508801E+03 2.073285E+03 1.863985E+03 1.863575E+03 1.863575E+03 1.863570E+03 
9.068844E+06 7.360108E+04 7.360108E+04 6.287198E+04 4.376905E+04 3.837370E+04 2.157821E+04 1.104007E+04 7.003665E+03 3.246276E+03 9.483759E+02 5.073032E+02 4.423372E+02 4.163728E+02 4.163259E+02 4.163259E+02 
1.138180E+05 1.138180E+05 1.138180E+05 3.763080E+04 3.763080E+04 3.763080E+04 2.393460E+04 1.056652E+04 5.598404E+03 3.136292E+02 3.962254E+01 1.542754E+01 1.140115E+01 1.139671E+01 1.139671E+01 1.139670E+01 
1.138120E+05 1.011551E+05 7.838773E+04 4.066909E+04 4.066909E+04 3.967955E+04 2.256854E+04 1.340298E+04 5.751990E+03 1.691000E+03 7.240515E+02 4.886100E+02 1.831438E+02 1.733982E+02 1.733982E+02 1.733982E+02 
8.736817E+05 8.736817E+05 6.363576E+04 3.260653E+04 3.260653E+04 3.260653E+04 1.873492E+04 1.049723E+04 6.108318E+03 1.856551E+03 3.400369E+02 1.438090E+02 1.352809E+02 1.349582E+02 1.349580E+02 1.349580E+02 
2.173711E+07 1.131695E+05 9.822976E+04 8.854496E+04 5.604098E+04 5.144084E+04 2.062313E+04 1.271777E+04 7.555914E+03 2.315698E+03 1.234683E+03 1.045894E+03 1.005962E+03 1.005785E+03 1.005785E+03 1.005785E+03 
9.939052E+04 9.939052E+04 3.654852E+04 3.654852E+04 3.654852E+04 3.405054E+04 1.351259E+04 5.960135E+03 2.129493E+03 7.383494E+02 1.220856E+02 5.078629E+01 4.813505E+01 4.811872E+01 4.811871E+01 4.811790E+01 
5.763777E+08 7.707633E+04 7.707633E+04 4.965447E+04 4.215169E+04 3.704763E+04 2.604113E+04 1.533741E+04 9.979517E+03 3.669203E+03 1.022389E+03 5.857908E+02 5.579320E+02 5.579075E+02 5.579075E+02 5.579075E+02 
2.389501E+06 5.688861E+05 1.360114E+05 8.861867E+04 8.227507E+04 4.314772E+04 2.723503E+04 1.469820E+04 9.216312E+03 3.036530E+03 1.427713E+03 6.078555E+02 4.200068E+02 4.198219E+02 4.197975E+02 4.197975E+02 
1.814012E+06 1.751567E+05 1.469738E+05 1.469738E+05 8.792975E+04 5.095096E+04 1.978735E+04 1.451616E+04 6.117501E+03 5.266450E+02 7.829914E+01 5.049161E+01 2.080546E+01 2.077280E+01 2.077277E+01 2.077277E+01 
1.366682E+07 1.078821E+05 1.065816E+05 6.424864E+04 6.211314E+04 4.977569E+04 2.808265E+04 1.991444E+04 1.216335E+04 3.669850E+03 1.133848E+03 8.126707E+02 7.776152E+02 7.775682E+02 7.775682E+02 7.775682E+02 
3.986396E+07 8.259823E+04 5.871065E+04 5.494014E+04 4.921419E+04 4.184436E+04 1.900405E+04 1.242496E+04 7.885763E+03 3.791506E+03 1.195567E+03 9.296049E+02 8.185047E+02 8.136158E+02 8.136153E+02 8.136129E+02 
1.421677E+05 1.421677E+05 8.741845E+04 7.710550E+04 4.759071E+04 3.672933E+04 2.603515E+04 8.194717E+03 4.756070E+03 1.963420E+03 1.357783E+03 6.559335E+02 5.170880E+02 5.170003E+02 5.170003E+02 5.170003E+02 
6.950532E+07 5.297652E+06 6.225738E+04 5.741998E+04 5.741998E+04 4.484466E+04 2.719229E+04 1.268236E+04 6.036796E+03 1.837901E+03 4.678627E+02 2.715350E+02 2.295964E+02 2.295816E+02 2.295815E+02 2.295815E+02 
1.850718E+08 1.124517E+05 1.124517E+05 1.066129E+05 6.404614E+04 5.281783E+04 3.844633E+04 3.317030E+04 2.050134E+04 1.237002E+04 5.321570E+03 4.831772E+03 4.399596E+03 4.399088E+03 4.399088E+03 4.399088E+03 
7.901520E+04 7.901520E+04 5.715424E+04 5.715424E+04 5.715424E+04 3.862489E+04 3.053662E+04 1.423020E+04 7.334290E+03 2.107394E+03 4.540878E+02 2.494558E+02 2.045259E+02 2.044682E+02 2.044682E+02 2.044681E+02 
3.212088E+05 3.212088E+05 7.404863E+04 6.830141E+04 5.351793E+04 4.982484E+04 3.804810E+04 2.468967E+04 1.758268E+04 9.565897E+03 4.479658E+03 2.890475E+03 2.020464E+03 1.975278E+03 1.975278E+03 1.975278E+03 
4.257848E+05 8.860610E+04 6.114418E+04 6.114418E+04 3.711519E+04 3.063919E+04 1.785222E+04 1.213365E+04 5.791971E+03 1.516161E+03 4.758272E+02 3.145436E+02 2.913347E+02 2.894973E+02 2.894973E+02 2.894973E+02 
5.554253E+05 5.554253E+05 1.179339E+05 6.983850E+04 6.983850E+04 5.239420E+04 3.645499E+04 1.829724E+04 7.505899E+03 2.548130E+03 1.739683E+03 7.672469E+02 7.324158E+02 7.298782E+02 7.298782E+02 7.298781E+02 
6.958377E+05 1.178551E+05 9.630216E+04 6.747705E+04 4.993889E+04 4.696264E+04 2.170714E+04 1.471119E+04 5.081197E+03 1.994811E+03 1.167382E+03 4.731422E+02 4.527861E+02 4.527614E+02 4.527614E+02 4.527614E+02 
1.020790E+09 5.302849E+07 1.233271E+05 1.233271E+05 9.443565E+04 7.374794E+04 4.431080E+04 2.797842E+04 1.461584E+04 8.009476E+03 3.552710E+03 1.836097E+03 1.713130E+03 1.711614E+03 1.711614E+03 1.711613E+03 
7.170085E+04 7.170085E+04 7.170085E+04 7.166847E+04 5.569069E+04 5.312122E+04 4.152992E+04 2.637406E+04 8.327159E+03 3.106014E+03 1.189147E+03 4.280124E+02 3.434607E+02 3.374563E+02 3.373879E+02 3.373877E+02 
2.096282E+05 2.096282E+05 1.053284E+05 4.927884E+04 3.272705E+04 2.617585E+04 5.334425E+03 1.587508E+03 2.187631E+02 2.677096E+00 3.788432E-06 10E-8 10E-8 10E-8 10E-8 10E-8 
1.047130E+05 6.663053E+04 5.050702E+04 3.810175E+04 3.627073E+04 2.833626E+04 1.444580E+04 1.026253E+04 3.507736E+03 4.998299E+02 2.298393E+01 8.179451E+00 4.763101E+00 4.761514E+00 4.761514E+00 4.761511E+00 
4.619754E+04 4.619754E+04 4.619754E+04 2.655648E+04 2.655648E+04 2.539238E+04 1.248439E+04 6.196283E+03 2.700301E+03 2.213348E+02 3.666864E+01 8.009907E+00 5.028623E+00 4.700636E+00 4.700636E+00 4.700631E+00 
8.001659E+04 8.001659E+04 6.511467E+04 6.511467E+04 5.841421E+04 5.102020E+04 1.524169E+04 7.220503E+03 4.845979E+03 2.122310E+03 3.657065E+02 2.236693E+02 2.113167E+02 2.028481E+02 2.028481E+02 2.028480E+02 
7.714674E+04 6.084397E+04 3.729731E+04 3.215533E+04 3.073770E+04 2.365045E+04 1.026559E+04 6.761796E+03 1.437089E+03 3.268108E+02 2.373988E+01 4.806224E+00 3.652714E+00 3.641708E+00 3.641682E+00 3.641668E+00 
7.717139E+06 1.395019E+05 5.378990E+04 5.378990E+04 4.909510E+04 2.974719E+04 2.368160E+04 6.640009E+03 2.165182E+03 3.850038E+02 5.043477E+01 1.267903E+01 1.167415E+01 8.662795E+00 8.662794E+00 8.662792E+00 
2.291214E+07 1.371386E+06 9.724635E+04 6.342637E+04 3.429208E+04 3.062200E+04 1.883129E+04 1.271990E+04 7.929198E+03 5.049750E+03 1.522768E+03 7.576950E+02 7.201456E+02 7.177783E+02 7.177777E+02 7.177768E+02 
9.281315E+04 9.281315E+04 9.259915E+04 9.217652E+04 5.221359E+04 4.101576E+04 1.768050E+04 1.176133E+04 6.494627E+03 1.738760E+03 7.893655E+02 1.932120E+02 1.804346E+02 1.802595E+02 1.802595E+02 1.802595E+02 
