1.005160E+04 5.666975E+03 4.209175E+03 2.555067E+03 2.370570E+03 1.794033E+03 1.291814E+03 7.300582E+02 6.999482E+02 6.995976E+02 6.995266E+02 6.995222E+02 6.995221E+02 6.995221E+02 6.995221E+02 6.995221E+02 
1.420018E+04 1.297277E+04 9.132237E+03 7.136149E+03 3.188057E+03 1.748346E+03 6.392678E+02 3.216296E+02 3.066007E+02 3.062998E+02 3.062722E+02 3.062235E+02 3.062198E+02 3.062198E+02 3.062198E+02 3.062198E+02 
1.388771E+04 1.388771E+04 8.826195E+03 3.133343E+03 2.957447E+03 2.150602E+03 1.632492E+03 7.230795E+02 6.464141E+02 6.448862E+02 6.439491E+02 6.437186E+02 6.437108E+02 6.437107E+02 6.437107E+02 6.437107E+02 
1.372997E+04 9.149127E+03 6.910051E+03 5.124005E+03 4.848756E+03 1.821988E+03 8.800171E+02 4.958880E+02 3.460063E+02 3.452682E+02 3.450379E+02 3.450225E+02 3.450210E+02 3.450208E+02 3.450208E+02 3.450208E+02 
1.174568E+04 6.529021E+03 3.491228E+03 2.393345E+03 1.556572E+03 8.009206E+02 3.553800E+02 1.644865E+02 1.613565E+02 1.611344E+02 1.610420E+02 1.609688E+02 1.609341E+02 1.609314E+02 1.609314E+02 1.609314E+02 
1.094119E+04 8.764389E+03 3.919660E+03 3.707895E+03 2.828659E+03 1.254973E+03 5.068424E+02 2.530546E+02 2.356771E+02 2.352867E+02 2.351999E+02 2.351510E+02 2.351481E+02 2.351480E+02 2.351480E+02 2.351480E+02 
1.222708E+04 1.222708E+04 8.235323E+03 4.708354E+03 3.030919E+03 2.779373E+03 1.279303E+03 4.536502E+02 4.097807E+02 4.071011E+02 4.069288E+02 4.069006E+02 4.068987E+02 4.068986E+02 4.068986E+02 4.068986E+02 
1.099206E+04 5.025449E+03 3.375928E+03 2.716338E+03 1.211503E+03 2.853393E+02 6.015153E+01 4.515743E+01 4.491566E+01 4.480295E+01 4.471355E+01 4.471354E+01 4.471354E+01 4.471354E+01 4.471354E+01 4.471354E+01 
1.282347E+04 9.056313E+03 7.281589E+03 6.055361E+03 3.212209E+03 1.615447E+03 1.109749E+03 5.562425E+02 5.456044E+02 5.384251E+02 5.383382E+02 5.383175E+02 5.383174E+02 5.383174E+02 5.383174E+02 5.383174E+02 
9.466196E+03 9.450174E+03 4.323448E+03 4.298382E+03 2.580152E+03 1.635068E+03 7.138270E+02 4.018874E+02 3.222906E+02 3.217817E+02 3.212188E+02 3.211352E+02 3.211348E+02 3.211348E+02 3.211348E+02 3.211348E+02 
1.371301E+04 1.135944E+04 7.123362E+03 5.207112E+03 4.928853E+03 1.539276E+03 6.861376E+02 3.187635E+02 2.974553E+02 2.969253E+02 2.963663E+02 2.963322E+02 2.963321E+02 2.963320E+02 2.963320E+02 2.963320E+02 
1.155718E+04 9.089293E+03 6.078838E+03 4.675720E+03 2.350513E+03 1.310437E+03 6.616233E+02 2.488014E+02 2.402152E+02 2.400327E+02 2.388804E+02 2.388497E+02 2.388497E+02 2.388497E+02 2.388497E+02 2.388497E+02 
1.247810E+04 8.001115E+03 6.138025E+03 5.340264E+03 3.964492E+03 9.427022E+02 4.673849E+02 3.185532E+02 3.137113E+02 3.132057E+02 3.130533E+02 3.130459E+02 3.130459E+02 3.130459E+02 3.130459E+02 3.130459E+02 
1.353418E+04 9.010352E+03 6.002186E+03 3.736851E+03 2.651172E+03 1.493076E+03 7.526931E+02 2.925560E+02 2.721727E+02 2.709529E+02 2.703971E+02 2.703865E+02 2.703865E+02 2.703865E+02 2.703865E+02 2.703865E+02 
1.059982E+04 9.146849E+03 7.846440E+03 3.484712E+03 3.085357E+03 1.383634E+03 9.843512E+02 5.115641E+02 4.279472E+02 4.273317E+02 4.267082E+02 4.266992E+02 4.266990E+02 4.266990E+02 4.266990E+02 4.266990E+02 
1.256306E+04 6.494017E+03 6.494017E+03 3.924696E+03 1.699219E+03 6.954312E+02 1.914974E+02 1.413098E+02 1.383513E+02 1.382219E+02 1.382109E+02 1.380915E+02 1.380729E+02 1.380725E+02 1.380725E+02 1.380725E+02 
1.285344E+04 1.164682E+04 1.023795E+04 5.035994E+03 3.635741E+03 1.925493E+03 1.625713E+03 1.077704E+03 1.012762E+03 1.010870E+03 1.010420E+03 1.010399E+03 1.010399E+03 1.010399E+03 1.010399E+03 1.010399E+03 
8.332461E+03 7.788876E+03 7.133346E+03 5.363650E+03 3.752870E+03 1.810954E+03 1.083142E+03 7.717655E+02 3.935586E+02 3.830649E+02 3.829294E+02 3.828725E+02 3.828690E+02 3.828689E+02 3.828689E+02 3.828689E+02 
7.978330E+03 3.675728E+03 3.675728E+03 2.137825E+03 8.175951E+02 4.359662E+02 2.538448E+02 1.519245E+02 1.392787E+02 1.391546E+02 1.391334E+02 1.391326E+02 1.391326E+02 1.391326E+02 1.391326E+02 1.391326E+02 
1.383860E+04 6.868055E+03 6.868055E+03 4.639551E+03 2.096760E+03 1.222077E+03 6.737055E+02 6.492429E+02 3.000236E+02 2.989321E+02 2.987740E+02 2.987710E+02 2.987710E+02 2.987710E+02 2.987710E+02 2.987710E+02 
6.901007E+03 4.009950E+03 3.704517E+03 2.752991E+03 1.580809E+03 1.003792E+03 8.295555E+02 3.818728E+02 3.350858E+02 3.343230E+02 3.342853E+02 3.342832E+02 3.342832E+02 3.342832E+02 3.342832E+02 3.342832E+02 
1.048925E+04 9.425725E+03 8.612183E+03 6.323507E+03 3.157924E+03 3.157924E+03 2.778193E+03 9.576096E+02 8.665753E+02 8.658693E+02 8.652448E+02 8.651293E+02 8.651262E+02 8.651261E+02 8.651261E+02 8.651261E+02 
1.027476E+04 9.583783E+03 5.671678E+03 4.477238E+03 3.138885E+03 5.282801E+02 2.359073E+02 1.093020E+02 1.073649E+02 1.071638E+02 1.071496E+02 1.071481E+02 1.071480E+02 1.071480E+02 1.071480E+02 1.071480E+02 
1.324616E+04 1.217522E+04 8.261143E+03 2.872651E+03 2.692619E+03 8.846234E+02 4.329391E+02 2.556640E+02 2.497877E+02 2.491512E+02 2.490334E+02 2.490289E+02 2.490288E+02 2.490288E+02 2.490288E+02 2.490288E+02 
1.226914E+04 8.878770E+03 4.791499E+03 2.861937E+03 1.807831E+03 5.082528E+02 2.178784E+02 1.360145E+02 1.300467E+02 1.298413E+02 1.297835E+02 1.297829E+02 1.297829E+02 1.297829E+02 1.297829E+02 1.297829E+02 
1.162155E+04 8.705967E+03 4.575405E+03 3.243315E+03 2.459836E+03 1.471223E+03 1.097700E+03 4.457002E+02 3.603690E+02 3.595329E+02 3.592639E+02 3.592323E+02 3.592312E+02 3.592312E+02 3.592312E+02 3.592312E+02 
1.428187E+04 1.428187E+04 9.027512E+03 2.078249E+03 2.078249E+03 5.309347E+02 1.470487E+02 1.064252E+02 1.056054E+02 1.055072E+02 1.054178E+02 1.054169E+02 1.054169E+02 1.054169E+02 1.054169E+02 1.054169E+02 
1.133145E+04 1.017163E+04 6.269301E+03 4.489606E+03 2.587503E+03 1.253462E+03 1.048828E+03 4.932713E+02 4.673155E+02 4.659568E+02 4.652387E+02 4.650737E+02 4.650704E+02 4.650702E+02 4.650702E+02 4.650702E+02 
1.040118E+04 4.260235E+03 3.266978E+03 2.829007E+03 1.831571E+03 1.004983E+03 8.463563E+02 3.566093E+02 3.428547E+02 3.420298E+02 3.419016E+02 3.418955E+02 3.418955E+02 3.418955E+02 3.418955E+02 3.418955E+02 
1.268887E+04 1.268887E+04 4.207858E+03 4.207858E+03 2.818628E+03 1.838718E+03 1.099721E+03 2.969152E+02 2.775733E+02 2.771236E+02 2.770761E+02 2.770682E+02 2.770681E+02 2.770681E+02 2.770681E+02 2.770681E+02 
