7.254996E+03 7.254996E+03 5.587900E+03 3.170302E+03 1.407775E+03 1.052940E+03 6.869028E+02 5.905323E+02 5.282674E+02 4.936787E+02 4.822576E+02 4.809782E+02 4.809571E+02 4.809571E+02 4.809571E+02 4.809571E+02 
7.066971E+03 3.839525E+03 3.150228E+03 2.322533E+03 1.422619E+03 9.141642E+02 6.353838E+02 5.160198E+02 4.421225E+02 4.041463E+02 3.914197E+02 3.900294E+02 3.900066E+02 3.900066E+02 3.900066E+02 3.900066E+02 
8.483639E+03 6.463649E+03 4.203542E+03 3.461272E+03 2.395150E+03 1.337927E+03 1.047542E+03 9.292826E+02 8.613026E+02 8.261318E+02 8.141593E+02 8.128427E+02 8.128207E+02 8.128207E+02 8.128207E+02 8.128207E+02 
5.516924E+03 4.765680E+03 2.878421E+03 1.541999E+03 1.016232E+03 8.888168E+02 8.277679E+02 7.953743E+02 7.819897E+02 7.753987E+02 7.732650E+02 7.730234E+02 7.730194E+02 7.730194E+02 7.730194E+02 7.730194E+02 
8.120765E+03 7.373488E+03 5.478969E+03 2.879704E+03 1.956046E+03 1.061458E+03 7.767739E+02 6.886901E+02 6.246309E+02 5.929073E+02 5.825795E+02 5.813413E+02 5.813214E+02 5.813214E+02 5.813214E+02 5.813214E+02 
6.648510E+03 4.146137E+03 3.214935E+03 2.110361E+03 1.180721E+03 8.746187E+02 8.163401E+02 7.854757E+02 7.732455E+02 7.680447E+02 7.663902E+02 7.662131E+02 7.662102E+02 7.662102E+02 7.662102E+02 7.662102E+02 
6.464942E+03 4.778759E+03 4.539013E+03 3.091261E+03 1.728714E+03 1.206264E+03 5.555187E+02 4.452411E+02 3.744145E+02 3.368560E+02 3.230388E+02 3.208071E+02 3.207679E+02 3.207679E+02 3.207679E+02 3.207679E+02 
4.504535E+03 3.400604E+03 2.913849E+03 2.182779E+03 1.621459E+03 1.104459E+03 7.433088E+02 6.361014E+02 5.611905E+02 5.249807E+02 5.128937E+02 5.115051E+02 5.114824E+02 5.114824E+02 5.114824E+02 5.114824E+02 
6.829448E+03 4.371818E+03 3.933955E+03 3.030162E+03 2.004779E+03 1.173675E+03 7.455910E+02 6.410101E+02 5.753971E+02 5.390113E+02 5.272748E+02 5.258906E+02 5.258677E+02 5.258677E+02 5.258677E+02 5.258677E+02 
6.158362E+03 4.223622E+03 3.807834E+03 3.263840E+03 2.394660E+03 1.287885E+03 7.627925E+02 6.384380E+02 5.694936E+02 5.337537E+02 5.218761E+02 5.204770E+02 5.204540E+02 5.204540E+02 5.204540E+02 5.204540E+02 
6.059543E+03 5.243512E+03 4.240794E+03 2.570591E+03 1.716329E+03 1.360562E+03 1.207954E+03 1.162667E+03 1.140450E+03 1.128322E+03 1.124557E+03 1.124119E+03 1.124112E+03 1.124112E+03 1.124112E+03 1.124112E+03 
7.780624E+03 6.259284E+03 5.128665E+03 2.403618E+03 1.465173E+03 1.030697E+03 8.155217E+02 7.901751E+02 7.767828E+02 7.705783E+02 7.688339E+02 7.686497E+02 7.686465E+02 7.686465E+02 7.686465E+02 7.686465E+02 
5.521351E+03 4.789775E+03 3.022164E+03 1.943874E+03 1.490068E+03 1.057145E+03 6.298757E+02 5.005928E+02 4.267972E+02 3.877081E+02 3.747764E+02 3.733185E+02 3.732947E+02 3.732947E+02 3.732947E+02 3.732947E+02 
8.016669E+03 6.981317E+03 5.362203E+03 4.420845E+03 3.519005E+03 2.128013E+03 1.500250E+03 1.381928E+03 1.326197E+03 1.300286E+03 1.291537E+03 1.290594E+03 1.290578E+03 1.290578E+03 1.290578E+03 1.290578E+03 
6.417843E+03 5.619971E+03 3.000213E+03 1.742146E+03 1.027748E+03 7.748911E+02 5.979707E+02 5.477635E+02 5.216108E+02 5.100660E+02 5.065159E+02 5.061181E+02 5.061114E+02 5.061114E+02 5.061114E+02 5.061114E+02 
7.038623E+03 6.300944E+03 5.403786E+03 4.002140E+03 3.206112E+03 1.603318E+03 1.013707E+03 9.189245E+02 8.679986E+02 8.391657E+02 8.295912E+02 8.285271E+02 8.285096E+02 8.285096E+02 8.285096E+02 8.285096E+02 
9.255344E+03 7.598273E+03 6.637698E+03 3.982186E+03 2.634720E+03 1.556180E+03 1.041047E+03 9.224559E+02 8.535770E+02 8.187646E+02 8.071029E+02 8.057548E+02 8.057327E+02 8.057327E+02 8.057327E+02 8.057327E+02 
9.439144E+03 6.821690E+03 5.163099E+03 3.729493E+03 2.178755E+03 1.405829E+03 1.220980E+03 1.147070E+03 1.116041E+03 1.101933E+03 1.097569E+03 1.097057E+03 1.097049E+03 1.097049E+03 1.097049E+03 1.097049E+03 
6.720885E+03 6.314759E+03 4.572842E+03 2.159456E+03 9.643605E+02 8.261522E+02 7.729170E+02 7.572079E+02 7.482245E+02 7.440314E+02 7.427342E+02 7.425873E+02 7.425849E+02 7.425849E+02 7.425849E+02 7.425849E+02 
4.793494E+03 3.842938E+03 2.976010E+03 2.340711E+03 1.993183E+03 1.185401E+03 8.258714E+02 7.292275E+02 6.648506E+02 6.296964E+02 6.178755E+02 6.165774E+02 6.165560E+02 6.165560E+02 6.165560E+02 6.165560E+02 
6.034995E+03 5.420760E+03 4.660976E+03 4.149555E+03 3.608015E+03 2.306600E+03 1.373481E+03 1.289561E+03 1.264457E+03 1.250972E+03 1.246592E+03 1.246113E+03 1.246105E+03 1.246105E+03 1.246105E+03 1.246105E+03 
6.347037E+03 6.347037E+03 4.459153E+03 3.016345E+03 1.677465E+03 1.037656E+03 8.995737E+02 8.738832E+02 8.557698E+02 8.467830E+02 8.438553E+02 8.435200E+02 8.435147E+02 8.435147E+02 8.435147E+02 8.435147E+02 
9.626691E+03 7.962978E+03 4.165523E+03 3.229799E+03 2.009545E+03 1.332281E+03 9.536415E+02 8.327068E+02 7.593122E+02 7.197754E+02 7.071765E+02 7.057204E+02 7.056966E+02 7.056966E+02 7.056966E+02 7.056966E+02 
8.081802E+03 7.319092E+03 5.031799E+03 4.029368E+03 2.633595E+03 1.729359E+03 1.200647E+03 1.057487E+03 9.822660E+02 9.428157E+02 9.289471E+02 9.274757E+02 9.274507E+02 9.274507E+02 9.274507E+02 9.274507E+02 
8.143473E+03 7.250541E+03 5.781234E+03 4.144920E+03 3.177910E+03 2.766074E+03 2.484986E+03 2.456433E+03 2.456349E+03 2.456340E+03 2.456340E+03 2.456340E+03 2.456340E+03 2.456340E+03 2.456340E+03 2.456340E+03 
6.431071E+03 6.057571E+03 5.196231E+03 2.730394E+03 2.132172E+03 1.269238E+03 7.066922E+02 5.455418E+02 4.809640E+02 4.466353E+02 4.345860E+02 4.332792E+02 4.332576E+02 4.332576E+02 4.332576E+02 4.332576E+02 
6.287804E+03 5.001215E+03 3.816468E+03 2.428920E+03 1.550933E+03 1.075468E+03 7.032213E+02 5.941943E+02 5.282371E+02 4.943331E+02 4.826314E+02 4.812984E+02 4.812770E+02 4.812770E+02 4.812770E+02 4.812770E+02 
7.745673E+03 7.275945E+03 4.943160E+03 3.038770E+03 1.818821E+03 1.137034E+03 8.570861E+02 7.553251E+02 6.895251E+02 6.534991E+02 6.412826E+02 6.399610E+02 6.399392E+02 6.399392E+02 6.399392E+02 6.399392E+02 
7.620176E+03 7.620176E+03 4.940923E+03 4.252885E+03 2.679864E+03 1.214626E+03 9.566289E+02 8.983887E+02 8.745231E+02 8.633147E+02 8.595996E+02 8.592092E+02 8.592025E+02 8.592025E+02 8.592025E+02 8.592025E+02 
7.309425E+03 5.993907E+03 5.536846E+03 2.545120E+03 1.604843E+03 1.136459E+03 9.361296E+02 8.912659E+02 8.719794E+02 8.625272E+02 8.595713E+02 8.592428E+02 8.592376E+02 8.592376E+02 8.592376E+02 8.592376E+02 
