2.987306E+09 2.987306E+09 2.987306E+09 2.987306E+09 2.987306E+09 2.223225E+09 2.223225E+09 2.223225E+09 1.389708E+09 1.389708E+09 1.389708E+09 1.389708E+09 1.389708E+09 3.229568E+08 3.229568E+08 3.229568E+08 
4.948232E+09 4.948232E+09 3.442688E+09 3.442688E+09 3.151884E+09 2.726462E+09 2.067344E+09 2.067344E+09 2.067344E+09 2.067344E+09 2.067344E+09 2.067344E+09 1.021147E+09 1.021147E+09 1.021147E+09 1.021147E+09 
1.133030E+10 1.133030E+10 1.108540E+10 3.126616E+09 2.189439E+09 2.189439E+09 2.034151E+09 2.016372E+09 1.165574E+09 1.165574E+09 1.165574E+09 1.165574E+09 1.165574E+09 1.031441E+09 1.031441E+09 1.031441E+09 
6.167037E+09 6.167037E+09 6.167037E+09 3.001528E+09 2.027080E+09 2.027080E+09 2.027080E+09 2.027080E+09 2.027080E+09 2.027080E+09 2.027080E+09 1.951566E+09 1.891643E+09 1.446713E+09 1.446713E+09 4.099358E+08 
6.938291E+09 5.082897E+09 5.082897E+09 5.082897E+09 5.082897E+09 4.943536E+09 4.214003E+09 3.180276E+09 3.180276E+09 1.715398E+09 1.715398E+09 1.715398E+09 1.258841E+09 1.120280E+09 1.120280E+09 7.617750E+08 
7.383819E+09 7.383819E+09 7.037126E+09 7.037126E+09 3.191425E+09 3.191425E+09 3.191425E+09 3.166746E+09 1.970888E+09 1.970888E+09 1.206013E+09 1.206013E+09 1.145614E+09 1.145614E+09 1.145614E+09 1.145614E+09 
5.459449E+09 5.459449E+09 5.459449E+09 5.459449E+09 4.735825E+09 2.397198E+09 2.397198E+09 1.665607E+09 1.665607E+09 1.665607E+09 1.665607E+09 1.665607E+09 1.665607E+09 1.665607E+09 4.014716E+08 4.014716E+08 
8.444198E+09 4.500081E+09 4.500081E+09 4.500081E+09 4.500081E+09 3.894708E+09 3.186785E+09 2.842830E+09 2.842830E+09 2.842830E+09 2.429447E+09 2.429447E+09 2.429447E+09 1.942956E+09 6.571472E+08 6.571472E+08 
7.982059E+09 7.982059E+09 7.982059E+09 1.376117E+09 1.376117E+09 1.376117E+09 1.376117E+09 1.376117E+09 1.376117E+09 1.376117E+09 1.376117E+09 1.376117E+09 1.376117E+09 1.376117E+09 1.376117E+09 1.376117E+09 
7.489399E+09 4.443205E+09 4.443205E+09 4.443205E+09 1.951601E+09 1.951601E+09 1.111969E+09 1.111969E+09 1.111969E+09 1.111969E+09 1.111969E+09 1.111969E+09 1.111969E+09 1.111969E+09 1.111969E+09 7.655137E+08 
5.234582E+09 5.234582E+09 3.119496E+09 3.119496E+09 1.716064E+09 1.716064E+09 1.716064E+09 1.716064E+09 1.716064E+09 1.716064E+09 1.716064E+09 1.716064E+09 1.716064E+09 1.716064E+09 1.426562E+09 1.122638E+09 
8.274325E+09 7.757267E+09 2.978906E+09 2.978906E+09 2.978906E+09 2.978906E+09 2.978906E+09 2.978906E+09 2.978906E+09 2.978906E+09 2.978906E+09 1.591056E+09 1.591056E+09 1.591056E+09 1.034843E+09 9.345747E+08 
6.047827E+09 6.047827E+09 6.047827E+09 5.002617E+09 5.002617E+09 4.788381E+09 2.557366E+09 2.261251E+09 2.261251E+09 2.261251E+09 2.261251E+09 2.261251E+09 5.743329E+08 5.743329E+08 5.743329E+08 5.743329E+08 
4.781263E+09 4.781263E+09 4.781263E+09 3.368660E+09 3.368660E+09 3.368660E+09 3.368660E+09 3.368660E+09 3.368660E+09 1.548048E+09 1.548048E+09 1.548048E+09 1.548048E+09 1.548048E+09 8.934752E+08 8.441121E+08 
5.734262E+09 5.734262E+09 5.734262E+09 5.012242E+09 5.012242E+09 2.598548E+09 2.598548E+09 2.164093E+09 2.164093E+09 2.164093E+09 2.095977E+09 2.095977E+09 1.497775E+09 1.497775E+09 1.328205E+09 4.654431E+08 
9.191907E+09 9.191907E+09 8.243415E+09 2.373129E+09 2.373129E+09 2.373129E+09 2.373129E+09 2.373129E+09 2.373129E+09 2.373129E+09 2.373129E+09 1.587113E+09 1.587113E+09 1.587113E+09 1.319871E+09 1.203447E+09 
7.776305E+09 6.507804E+09 6.507804E+09 5.717588E+09 5.717588E+09 4.646794E+09 4.176094E+09 3.723038E+09 3.576493E+09 2.016749E+09 2.016749E+09 2.016749E+09 1.790725E+09 1.172832E+09 4.613738E+08 4.613738E+08 
9.492105E+09 7.643221E+09 7.643221E+09 7.643221E+09 3.964170E+09 3.964170E+09 3.650149E+09 3.650149E+09 2.768247E+09 2.120206E+09 2.120206E+09 2.120206E+09 9.407580E+08 9.407580E+08 9.407580E+08 7.920792E+08 
5.762540E+09 5.762540E+09 5.762540E+09 5.762540E+09 5.079124E+09 6.400786E+08 6.400786E+08 6.400786E+08 6.400786E+08 6.400786E+08 6.400786E+08 6.400786E+08 6.400786E+08 6.400786E+08 6.400786E+08 6.400786E+08 
3.849491E+09 3.849491E+09 3.849491E+09 3.849491E+09 3.849491E+09 3.849491E+09 3.849491E+09 3.849491E+09 3.849491E+09 3.194075E+09 3.194075E+09 3.084681E+09 1.604268E+09 1.604268E+09 1.604268E+09 1.604268E+09 
6.647850E+09 6.647850E+09 6.647850E+09 4.825899E+09 4.712904E+09 3.165945E+09 2.757907E+09 2.757907E+09 2.757907E+09 1.492444E+09 1.492444E+09 1.492444E+09 1.492444E+09 1.123802E+09 1.022285E+09 6.717045E+08 
4.995752E+09 4.995752E+09 4.995752E+09 3.431594E+09 3.431594E+09 2.788302E+09 2.788302E+09 1.470025E+09 1.470025E+09 1.470025E+09 1.470025E+09 1.470025E+09 1.470025E+09 1.470025E+09 1.399006E+09 1.157525E+09 
7.377984E+09 7.377984E+09 7.377984E+09 4.746507E+09 3.493168E+09 3.010029E+09 1.999010E+09 1.999010E+09 1.999010E+09 1.999010E+09 1.999010E+09 1.978856E+09 1.978856E+09 1.479588E+09 9.149290E+08 9.149290E+08 
5.493542E+09 5.493542E+09 5.226567E+09 5.226567E+09 5.226567E+09 2.291509E+09 2.291509E+09 2.291509E+09 2.291509E+09 2.291509E+09 2.291509E+09 2.186438E+09 1.443135E+09 1.443135E+09 1.443135E+09 1.443135E+09 
1.005076E+10 1.005076E+10 1.005076E+10 4.681411E+09 4.224643E+09 3.368690E+09 3.368690E+09 2.831900E+09 2.831900E+09 2.831900E+09 2.246391E+09 2.246391E+09 1.202808E+09 9.883222E+08 9.883222E+08 3.482217E+08 
4.440655E+09 4.440655E+09 4.440655E+09 4.440655E+09 4.440655E+09 3.160848E+09 1.141469E+09 1.141469E+09 1.141469E+09 1.141469E+09 1.141469E+09 1.092386E+09 1.092386E+09 1.092386E+09 1.092386E+09 6.108853E+08 
6.788486E+09 6.788486E+09 5.546266E+09 5.546266E+09 5.546266E+09 4.779830E+09 4.779830E+09 3.596907E+09 3.596907E+09 2.423218E+09 2.423218E+09 2.132750E+09 1.811285E+09 1.490455E+09 1.490455E+09 1.112477E+09 
4.081555E+09 4.081555E+09 4.081555E+09 3.715089E+09 3.715089E+09 1.913691E+09 1.913691E+09 1.913691E+09 1.913691E+09 1.913691E+09 1.098251E+09 1.098251E+09 1.098251E+09 1.098251E+09 1.098251E+09 3.400193E+08 
3.273490E+09 3.273490E+09 3.273490E+09 3.273490E+09 3.273490E+09 3.273490E+09 1.071739E+09 1.071739E+09 1.071739E+09 1.071739E+09 1.071739E+09 1.071739E+09 1.071739E+09 1.071739E+09 1.071739E+09 8.459473E+08 
6.122813E+09 6.122813E+09 4.025532E+09 4.025532E+09 4.025532E+09 8.563287E+08 8.563287E+08 8.563287E+08 8.563287E+08 8.563287E+08 8.563287E+08 8.563287E+08 8.563287E+08 8.563287E+08 8.563287E+08 8.563287E+08 
