1.404117E+03 1.233488E+03 5.881055E+02 5.204266E+02 4.150973E+02 4.059262E+02 3.998905E+02 3.967599E+02 3.961103E+02 3.960147E+02 3.959712E+02 3.959633E+02 3.959632E+02 3.959632E+02 3.959632E+02 3.959632E+02 
1.124979E+03 6.273604E+02 5.587419E+02 3.930369E+02 3.161140E+02 3.063809E+02 3.033075E+02 3.016767E+02 3.011492E+02 3.009389E+02 3.008673E+02 3.008570E+02 3.008568E+02 3.008568E+02 3.008568E+02 3.008568E+02 
1.525936E+03 8.194046E+02 5.315060E+02 3.877912E+02 3.648727E+02 3.250541E+02 3.198295E+02 3.126831E+02 3.091540E+02 3.083112E+02 3.081439E+02 3.081248E+02 3.081244E+02 3.081244E+02 3.081244E+02 3.081244E+02 
1.177177E+03 8.309579E+02 4.912291E+02 3.769607E+02 3.659469E+02 3.318097E+02 3.263355E+02 3.203459E+02 3.183001E+02 3.178525E+02 3.176642E+02 3.176433E+02 3.176431E+02 3.176431E+02 3.176431E+02 3.176431E+02 
1.249569E+03 1.136708E+03 5.881807E+02 3.962890E+02 3.542519E+02 3.503634E+02 3.489788E+02 3.478949E+02 3.476370E+02 3.475317E+02 3.475065E+02 3.475031E+02 3.475030E+02 3.475030E+02 3.475030E+02 3.475030E+02 
1.071012E+03 9.257154E+02 4.857748E+02 4.082849E+02 3.675456E+02 3.149197E+02 3.070795E+02 3.033844E+02 3.029710E+02 3.028987E+02 3.028604E+02 3.028562E+02 3.028561E+02 3.028561E+02 3.028561E+02 3.028561E+02 
1.083705E+03 5.586842E+02 4.262324E+02 3.640014E+02 3.212820E+02 3.147466E+02 3.104506E+02 3.063869E+02 3.045658E+02 3.039894E+02 3.038188E+02 3.037963E+02 3.037960E+02 3.037960E+02 3.037960E+02 3.037960E+02 
1.237868E+03 6.610001E+02 4.811630E+02 4.533450E+02 4.322487E+02 3.864273E+02 3.785470E+02 3.755714E+02 3.734993E+02 3.721613E+02 3.717283E+02 3.716810E+02 3.716803E+02 3.716803E+02 3.716803E+02 3.716803E+02 
8.787584E+02 4.850250E+02 3.481980E+02 2.768709E+02 2.667103E+02 2.629825E+02 2.614144E+02 2.600005E+02 2.595534E+02 2.594504E+02 2.594276E+02 2.594251E+02 2.594250E+02 2.594250E+02 2.594250E+02 2.594250E+02 
1.355347E+03 1.253492E+03 5.406199E+02 4.144622E+02 3.921384E+02 3.869438E+02 3.839495E+02 3.818121E+02 3.811865E+02 3.810097E+02 3.809371E+02 3.809315E+02 3.809314E+02 3.809314E+02 3.809314E+02 3.809314E+02 
1.257471E+03 5.826400E+02 4.076557E+02 3.591897E+02 3.392634E+02 3.335515E+02 3.299764E+02 3.291263E+02 3.288331E+02 3.287888E+02 3.287642E+02 3.287620E+02 3.287619E+02 3.287619E+02 3.287619E+02 3.287619E+02 
1.805492E+03 1.170468E+03 1.012772E+03 7.610214E+02 6.277942E+02 5.918297E+02 5.624740E+02 5.341571E+02 5.242614E+02 5.199292E+02 5.187874E+02 5.186601E+02 5.186583E+02 5.186583E+02 5.186583E+02 5.186583E+02 
1.735958E+03 1.505582E+03 8.576829E+02 6.409976E+02 6.137669E+02 5.295795E+02 4.878008E+02 4.682937E+02 4.615035E+02 4.581344E+02 4.570666E+02 4.569497E+02 4.569478E+02 4.569478E+02 4.569478E+02 4.569478E+02 
1.540913E+03 1.126161E+03 7.259056E+02 4.841216E+02 4.043552E+02 3.936415E+02 3.853939E+02 3.797039E+02 3.778448E+02 3.772296E+02 3.770026E+02 3.769757E+02 3.769753E+02 3.769753E+02 3.769753E+02 3.769753E+02 
1.008567E+03 7.270403E+02 5.302801E+02 3.700734E+02 3.498977E+02 3.406313E+02 3.338982E+02 3.317543E+02 3.295970E+02 3.293754E+02 3.292695E+02 3.292563E+02 3.292560E+02 3.292560E+02 3.292560E+02 3.292560E+02 
1.185475E+03 7.618653E+02 6.378232E+02 4.954475E+02 2.760262E+02 2.600618E+02 2.568619E+02 2.549214E+02 2.542320E+02 2.540029E+02 2.539396E+02 2.539310E+02 2.539309E+02 2.539309E+02 2.539309E+02 2.539309E+02 
1.766909E+03 1.019579E+03 6.770579E+02 5.576516E+02 4.945785E+02 4.535492E+02 4.421624E+02 4.359506E+02 4.330731E+02 4.318665E+02 4.314880E+02 4.314496E+02 4.314489E+02 4.314489E+02 4.314489E+02 4.314489E+02 
1.014193E+03 6.468371E+02 3.592091E+02 3.338065E+02 3.104101E+02 2.790948E+02 2.718590E+02 2.686543E+02 2.673059E+02 2.668218E+02 2.666821E+02 2.666659E+02 2.666657E+02 2.666657E+02 2.666657E+02 2.666657E+02 
1.386067E+03 9.305545E+02 4.905546E+02 4.112657E+02 3.980913E+02 3.946452E+02 3.814619E+02 3.742307E+02 3.699559E+02 3.683981E+02 3.680622E+02 3.680223E+02 3.680216E+02 3.680216E+02 3.680216E+02 3.680216E+02 
1.261034E+03 7.680679E+02 5.897358E+02 4.540442E+02 2.937867E+02 2.634501E+02 2.609642E+02 2.597386E+02 2.591410E+02 2.589036E+02 2.588278E+02 2.588193E+02 2.588191E+02 2.588191E+02 2.588191E+02 2.588191E+02 
1.319069E+03 1.008261E+03 5.821160E+02 5.434285E+02 4.492866E+02 4.333887E+02 4.300817E+02 4.245879E+02 4.211724E+02 4.201682E+02 4.198905E+02 4.198544E+02 4.198539E+02 4.198539E+02 4.198539E+02 4.198539E+02 
1.252425E+03 7.386084E+02 5.827864E+02 4.844540E+02 4.621617E+02 4.507496E+02 4.445696E+02 4.364248E+02 4.343809E+02 4.336633E+02 4.334873E+02 4.334650E+02 4.334647E+02 4.334647E+02 4.334647E+02 4.334647E+02 
1.663305E+03 8.624441E+02 6.146145E+02 5.264784E+02 4.681348E+02 4.627573E+02 4.487885E+02 4.305986E+02 4.243274E+02 4.220531E+02 4.212744E+02 4.211975E+02 4.211961E+02 4.211961E+02 4.211961E+02 4.211961E+02 
1.190388E+03 8.515984E+02 5.344186E+02 4.187095E+02 3.563010E+02 3.376904E+02 3.358509E+02 3.352122E+02 3.342522E+02 3.337765E+02 3.335925E+02 3.335683E+02 3.335679E+02 3.335679E+02 3.335679E+02 3.335679E+02 
1.315627E+03 1.001852E+03 6.835780E+02 3.491597E+02 3.175457E+02 3.154943E+02 3.124617E+02 3.105911E+02 3.097187E+02 3.095168E+02 3.094619E+02 3.094561E+02 3.094560E+02 3.094560E+02 3.094560E+02 3.094560E+02 
1.709373E+03 1.162414E+03 7.031784E+02 5.730752E+02 5.711310E+02 5.492912E+02 5.434077E+02 5.403452E+02 5.388060E+02 5.376074E+02 5.372049E+02 5.371578E+02 5.371571E+02 5.371571E+02 5.371571E+02 5.371571E+02 
1.188734E+03 6.958904E+02 5.781871E+02 4.748136E+02 4.068015E+02 3.937324E+02 3.864062E+02 3.839349E+02 3.820847E+02 3.816166E+02 3.814249E+02 3.814104E+02 3.814101E+02 3.814101E+02 3.814101E+02 3.814101E+02 
1.333623E+03 9.536921E+02 7.022751E+02 4.768532E+02 4.079134E+02 3.841017E+02 3.777829E+02 3.739251E+02 3.733986E+02 3.733380E+02 3.733232E+02 3.733203E+02 3.733203E+02 3.733203E+02 3.733203E+02 3.733203E+02 
1.119174E+03 8.785215E+02 5.323117E+02 3.597020E+02 2.994949E+02 2.921005E+02 2.902188E+02 2.884582E+02 2.880880E+02 2.879907E+02 2.879683E+02 2.879638E+02 2.879637E+02 2.879637E+02 2.879637E+02 2.879637E+02 
1.374820E+03 1.153648E+03 6.176912E+02 5.042815E+02 4.572194E+02 4.350885E+02 4.280954E+02 4.238140E+02 4.231945E+02 4.230239E+02 4.229448E+02 4.229384E+02 4.229383E+02 4.229383E+02 4.229383E+02 4.229383E+02 
