2.289446E+02 1.995007E+02 1.995007E+02 1.995007E+02 1.995007E+02 1.995007E+02 1.995007E+02 1.995007E+02 1.995007E+02 1.995007E+02 1.995007E+02 1.995007E+02 1.995007E+02 1.995007E+02 1.995007E+02 1.995007E+02 
2.233428E+02 1.933156E+02 1.933156E+02 1.933156E+02 1.933156E+02 1.933156E+02 1.933156E+02 1.933156E+02 1.933156E+02 1.933156E+02 1.933156E+02 1.933156E+02 1.933156E+02 1.933156E+02 1.933156E+02 1.933156E+02 
2.338671E+02 1.951221E+02 1.951221E+02 1.951221E+02 1.951221E+02 1.951221E+02 1.951221E+02 1.951221E+02 1.951221E+02 1.951221E+02 1.951221E+02 1.951221E+02 1.951221E+02 1.951221E+02 1.951221E+02 1.951221E+02 
2.532606E+02 2.212740E+02 2.212740E+02 2.212740E+02 2.212740E+02 2.212740E+02 2.212740E+02 2.212740E+02 2.212740E+02 2.212740E+02 2.212740E+02 2.212740E+02 2.212740E+02 2.212740E+02 2.212740E+02 2.212740E+02 
2.422788E+02 2.170000E+02 2.143385E+02 2.143385E+02 2.143385E+02 2.143385E+02 2.143385E+02 2.143385E+02 2.143385E+02 2.143385E+02 2.143385E+02 2.143385E+02 2.143385E+02 2.143385E+02 2.143385E+02 2.143385E+02 
2.309307E+02 2.001892E+02 2.001892E+02 2.001892E+02 2.001892E+02 2.001892E+02 2.001892E+02 2.001892E+02 2.001892E+02 2.001892E+02 2.001892E+02 2.001892E+02 2.001892E+02 2.001892E+02 2.001892E+02 2.001892E+02 
2.354416E+02 2.052555E+02 2.052555E+02 2.052555E+02 2.052555E+02 2.052555E+02 2.052555E+02 2.052555E+02 2.052555E+02 2.052555E+02 2.052555E+02 2.052555E+02 2.052555E+02 2.052555E+02 2.052555E+02 2.052555E+02 
2.475544E+02 2.241732E+02 2.198974E+02 2.198974E+02 2.198974E+02 2.198974E+02 2.198974E+02 2.198974E+02 2.198974E+02 2.198974E+02 2.198974E+02 2.198974E+02 2.198974E+02 2.198974E+02 2.198974E+02 2.198974E+02 
2.193810E+02 2.193810E+02 2.193810E+02 2.193810E+02 2.193810E+02 2.193810E+02 2.193810E+02 2.193810E+02 2.193810E+02 2.193810E+02 2.193810E+02 2.193810E+02 2.193810E+02 2.193810E+02 2.193810E+02 2.193810E+02 
2.114011E+02 2.114011E+02 2.114011E+02 2.114011E+02 2.114011E+02 2.114011E+02 2.114011E+02 2.114011E+02 2.114011E+02 2.114011E+02 2.114011E+02 2.114011E+02 2.114011E+02 2.114011E+02 2.114011E+02 2.114011E+02 
2.589070E+02 2.198162E+02 2.198162E+02 2.198162E+02 2.198162E+02 2.198162E+02 2.198162E+02 2.198162E+02 2.198162E+02 2.198162E+02 2.198162E+02 2.198162E+02 2.198162E+02 2.198162E+02 2.198162E+02 2.198162E+02 
2.403441E+02 2.286141E+02 2.256905E+02 2.256905E+02 2.256905E+02 2.256905E+02 2.256905E+02 2.256905E+02 2.256905E+02 2.256905E+02 2.256905E+02 2.256905E+02 2.256905E+02 2.256905E+02 2.256905E+02 2.256905E+02 
2.362200E+02 2.331919E+02 2.220111E+02 2.220111E+02 2.220111E+02 2.220111E+02 2.220111E+02 2.220111E+02 2.220111E+02 2.220111E+02 2.220111E+02 2.220111E+02 2.220111E+02 2.220111E+02 2.220111E+02 2.220111E+02 
2.490244E+02 2.236776E+02 2.236776E+02 2.236776E+02 2.236776E+02 2.236776E+02 2.236776E+02 2.236776E+02 2.236776E+02 2.236776E+02 2.236776E+02 2.236776E+02 2.236776E+02 2.236776E+02 2.236776E+02 2.236776E+02 
2.410846E+02 2.400994E+02 2.289749E+02 2.289749E+02 2.289749E+02 2.289749E+02 2.289749E+02 2.289749E+02 2.289749E+02 2.289749E+02 2.289749E+02 2.289749E+02 2.289749E+02 2.289749E+02 2.289749E+02 2.289749E+02 
2.342798E+02 2.288500E+02 2.288500E+02 2.288500E+02 2.288500E+02 2.288500E+02 2.288500E+02 2.288500E+02 2.288500E+02 2.288500E+02 2.288500E+02 2.288500E+02 2.288500E+02 2.288500E+02 2.288500E+02 2.288500E+02 
2.492068E+02 2.257483E+02 2.202866E+02 2.202866E+02 2.202866E+02 2.202866E+02 2.202866E+02 2.202866E+02 2.202866E+02 2.202866E+02 2.202866E+02 2.202866E+02 2.202866E+02 2.202866E+02 2.202866E+02 2.202866E+02 
2.283179E+02 2.156743E+02 2.156743E+02 2.156743E+02 2.156743E+02 2.156743E+02 2.156743E+02 2.156743E+02 2.156743E+02 2.156743E+02 2.156743E+02 2.156743E+02 2.156743E+02 2.156743E+02 2.156743E+02 2.156743E+02 
2.437830E+02 2.093765E+02 2.050150E+02 2.050150E+02 2.050150E+02 2.050150E+02 2.050150E+02 2.050150E+02 2.050150E+02 2.050150E+02 2.050150E+02 2.050150E+02 2.050150E+02 2.050150E+02 2.050150E+02 2.050150E+02 
2.364451E+02 1.897088E+02 1.897088E+02 1.897088E+02 1.897088E+02 1.897088E+02 1.897088E+02 1.897088E+02 1.897088E+02 1.897088E+02 1.897088E+02 1.897088E+02 1.897088E+02 1.897088E+02 1.897088E+02 1.897088E+02 
2.506908E+02 2.118022E+02 2.118022E+02 2.118022E+02 2.118022E+02 2.118022E+02 2.118022E+02 2.118022E+02 2.118022E+02 2.118022E+02 2.118022E+02 2.118022E+02 2.118022E+02 2.118022E+02 2.118022E+02 2.118022E+02 
2.454415E+02 2.366201E+02 2.295647E+02 2.295647E+02 2.295647E+02 2.295647E+02 2.295647E+02 2.295647E+02 2.295647E+02 2.295647E+02 2.295647E+02 2.295647E+02 2.295647E+02 2.295647E+02 2.295647E+02 2.295647E+02 
2.438275E+02 2.268776E+02 2.245901E+02 2.245901E+02 2.245901E+02 2.245901E+02 2.245901E+02 2.245901E+02 2.245901E+02 2.245901E+02 2.245901E+02 2.245901E+02 2.245901E+02 2.245901E+02 2.245901E+02 2.245901E+02 
2.357422E+02 2.163856E+02 2.163856E+02 2.163856E+02 2.163856E+02 2.163856E+02 2.163856E+02 2.163856E+02 2.163856E+02 2.163856E+02 2.163856E+02 2.163856E+02 2.163856E+02 2.163856E+02 2.163856E+02 2.163856E+02 
2.202244E+02 1.934556E+02 1.934556E+02 1.934556E+02 1.934556E+02 1.934556E+02 1.934556E+02 1.934556E+02 1.934556E+02 1.934556E+02 1.934556E+02 1.934556E+02 1.934556E+02 1.934556E+02 1.934556E+02 1.934556E+02 
2.408471E+02 2.408471E+02 2.102770E+02 2.102770E+02 2.102770E+02 2.102770E+02 2.102770E+02 2.102770E+02 2.102770E+02 2.102770E+02 2.102770E+02 2.102770E+02 2.102770E+02 2.102770E+02 2.102770E+02 2.102770E+02 
1.927202E+02 1.900462E+02 1.900462E+02 1.900462E+02 1.900462E+02 1.900462E+02 1.900462E+02 1.900462E+02 1.900462E+02 1.900462E+02 1.900462E+02 1.900462E+02 1.900462E+02 1.900462E+02 1.900462E+02 1.900462E+02 
2.210661E+02 2.090164E+02 2.090164E+02 2.090164E+02 2.090164E+02 2.090164E+02 2.090164E+02 2.090164E+02 2.090164E+02 2.090164E+02 2.090164E+02 2.090164E+02 2.090164E+02 2.090164E+02 2.090164E+02 2.090164E+02 
2.312841E+02 2.152870E+02 2.152870E+02 2.152870E+02 2.152870E+02 2.152870E+02 2.152870E+02 2.152870E+02 2.152870E+02 2.152870E+02 2.152870E+02 2.152870E+02 2.152870E+02 2.152870E+02 2.152870E+02 2.152870E+02 
2.506278E+02 2.104416E+02 2.104416E+02 2.104416E+02 2.104416E+02 2.104416E+02 2.104416E+02 2.104416E+02 2.104416E+02 2.104416E+02 2.104416E+02 2.104416E+02 2.104416E+02 2.104416E+02 2.104416E+02 2.104416E+02 
