1.911373E+03 1.911373E+03 1.911373E+03 1.911373E+03 1.911373E+03 1.911373E+03 1.911373E+03 1.911373E+03 1.911373E+03 1.911373E+03 1.911373E+03 1.911373E+03 1.911373E+03 1.911373E+03 1.911373E+03 1.911373E+03 
5.400643E+03 5.400643E+03 5.400643E+03 5.400643E+03 5.400643E+03 5.400643E+03 5.400643E+03 5.400643E+03 5.400643E+03 5.400643E+03 5.400643E+03 5.400643E+03 5.400643E+03 5.400643E+03 5.400643E+03 5.400643E+03 
5.839212E+03 5.243171E+03 5.243171E+03 5.243171E+03 5.243171E+03 5.243171E+03 5.243171E+03 5.243171E+03 5.243171E+03 5.243171E+03 5.243171E+03 5.243171E+03 5.243171E+03 5.243171E+03 5.243171E+03 5.243171E+03 
5.814257E+03 5.814257E+03 5.814257E+03 5.814257E+03 5.814257E+03 5.814257E+03 5.814257E+03 5.814257E+03 5.814257E+03 5.814257E+03 5.814257E+03 5.814257E+03 5.814257E+03 5.814257E+03 5.814257E+03 5.814257E+03 
5.733287E+03 5.733287E+03 5.733287E+03 5.733287E+03 5.733287E+03 5.733287E+03 5.733287E+03 5.733287E+03 5.733287E+03 5.733287E+03 5.733287E+03 5.733287E+03 5.733287E+03 5.733287E+03 5.733287E+03 5.733287E+03 
5.778095E+03 5.756985E+03 5.756985E+03 5.756985E+03 5.756985E+03 5.756985E+03 5.756985E+03 5.756985E+03 5.756985E+03 5.756985E+03 5.756985E+03 5.756985E+03 5.756985E+03 5.756985E+03 5.756985E+03 5.756985E+03 
5.976090E+03 5.800956E+03 5.800956E+03 5.800956E+03 5.800956E+03 5.800956E+03 5.800956E+03 5.800956E+03 5.800956E+03 5.800956E+03 5.800956E+03 5.800956E+03 5.800956E+03 5.800956E+03 5.800956E+03 5.800956E+03 
6.015777E+03 5.169706E+03 5.169706E+03 5.169706E+03 5.169706E+03 5.169706E+03 5.169706E+03 5.169706E+03 5.169706E+03 5.169706E+03 5.169706E+03 5.169706E+03 5.169706E+03 5.169706E+03 5.169706E+03 5.169706E+03 
5.502860E+03 5.453811E+03 5.453811E+03 5.453811E+03 5.453811E+03 5.453811E+03 5.453811E+03 5.453811E+03 5.453811E+03 5.453811E+03 5.453811E+03 5.453811E+03 5.453811E+03 5.453811E+03 5.453811E+03 5.453811E+03 
6.210679E+03 5.845127E+03 5.845127E+03 5.845127E+03 5.845127E+03 5.845127E+03 5.845127E+03 5.845127E+03 5.845127E+03 5.845127E+03 5.845127E+03 5.845127E+03 5.845127E+03 5.845127E+03 5.845127E+03 5.845127E+03 
6.198747E+03 5.945917E+03 5.945917E+03 5.945917E+03 5.945917E+03 5.945917E+03 5.945917E+03 5.945917E+03 5.945917E+03 5.945917E+03 5.945917E+03 5.945917E+03 5.945917E+03 5.945917E+03 5.945917E+03 5.945917E+03 
5.868630E+03 5.339360E+03 5.339360E+03 5.339360E+03 5.339360E+03 5.339360E+03 5.339360E+03 5.339360E+03 5.339360E+03 5.339360E+03 5.339360E+03 5.339360E+03 5.339360E+03 5.339360E+03 5.339360E+03 5.339360E+03 
6.655176E+03 6.163143E+03 6.066184E+03 6.066184E+03 6.066184E+03 6.066184E+03 6.066184E+03 6.066184E+03 6.066184E+03 6.066184E+03 6.066184E+03 6.066184E+03 6.066184E+03 6.066184E+03 6.066184E+03 6.066184E+03 
6.083299E+03 5.514461E+03 5.514461E+03 5.514461E+03 5.514461E+03 5.514461E+03 5.514461E+03 5.514461E+03 5.514461E+03 5.514461E+03 5.514461E+03 5.514461E+03 5.514461E+03 5.514461E+03 5.514461E+03 5.514461E+03 
5.278379E+03 5.278379E+03 5.278379E+03 5.278379E+03 5.278379E+03 5.278379E+03 5.278379E+03 5.278379E+03 5.278379E+03 5.278379E+03 5.278379E+03 5.278379E+03 5.278379E+03 5.278379E+03 5.278379E+03 5.278379E+03 
5.773168E+03 5.773168E+03 5.773168E+03 5.773168E+03 5.773168E+03 5.773168E+03 5.773168E+03 5.773168E+03 5.773168E+03 5.773168E+03 5.773168E+03 5.773168E+03 5.773168E+03 5.773168E+03 5.773168E+03 5.773168E+03 
6.154801E+03 5.800996E+03 5.800996E+03 5.800996E+03 5.800996E+03 5.800996E+03 5.800996E+03 5.800996E+03 5.800996E+03 5.800996E+03 5.800996E+03 5.800996E+03 5.800996E+03 5.800996E+03 5.800996E+03 5.800996E+03 
4.597359E+03 4.597359E+03 4.597359E+03 4.597359E+03 4.597359E+03 4.597359E+03 4.597359E+03 4.597359E+03 4.597359E+03 4.597359E+03 4.597359E+03 4.597359E+03 4.597359E+03 4.597359E+03 4.597359E+03 4.597359E+03 
5.854540E+03 5.651102E+03 5.651102E+03 5.651102E+03 5.651102E+03 5.651102E+03 5.651102E+03 5.651102E+03 5.651102E+03 5.651102E+03 5.651102E+03 5.651102E+03 5.651102E+03 5.651102E+03 5.651102E+03 5.651102E+03 
6.731289E+03 6.298596E+03 6.298596E+03 6.298596E+03 6.298596E+03 6.298596E+03 6.298596E+03 6.298596E+03 6.298596E+03 6.298596E+03 6.298596E+03 6.298596E+03 6.298596E+03 6.298596E+03 6.298596E+03 6.298596E+03 
5.945443E+03 5.945443E+03 5.945443E+03 5.945443E+03 5.945443E+03 5.945443E+03 5.945443E+03 5.945443E+03 5.945443E+03 5.945443E+03 5.945443E+03 5.945443E+03 5.945443E+03 5.945443E+03 5.945443E+03 5.945443E+03 
5.822418E+03 5.601469E+03 5.601469E+03 5.601469E+03 5.601469E+03 5.601469E+03 5.601469E+03 5.601469E+03 5.601469E+03 5.601469E+03 5.601469E+03 5.601469E+03 5.601469E+03 5.601469E+03 5.601469E+03 5.601469E+03 
4.732437E+03 4.732437E+03 4.732437E+03 4.732437E+03 4.732437E+03 4.732437E+03 4.732437E+03 4.732437E+03 4.732437E+03 4.732437E+03 4.732437E+03 4.732437E+03 4.732437E+03 4.732437E+03 4.732437E+03 4.732437E+03 
5.563624E+03 5.563624E+03 5.563624E+03 5.563624E+03 5.563624E+03 5.563624E+03 5.563624E+03 5.563624E+03 5.563624E+03 5.563624E+03 5.563624E+03 5.563624E+03 5.563624E+03 5.563624E+03 5.563624E+03 5.563624E+03 
3.226831E+03 3.226831E+03 3.226831E+03 3.226831E+03 3.226831E+03 3.226831E+03 3.226831E+03 3.226831E+03 3.226831E+03 3.226831E+03 3.226831E+03 3.226831E+03 3.226831E+03 3.226831E+03 3.226831E+03 3.226831E+03 
5.013760E+03 5.013760E+03 5.013760E+03 5.013760E+03 5.013760E+03 5.013760E+03 5.013760E+03 5.013760E+03 5.013760E+03 5.013760E+03 5.013760E+03 5.013760E+03 5.013760E+03 5.013760E+03 5.013760E+03 5.013760E+03 
2.607013E+03 2.607013E+03 2.607013E+03 2.607013E+03 2.607013E+03 2.607013E+03 2.607013E+03 2.607013E+03 2.607013E+03 2.607013E+03 2.607013E+03 2.607013E+03 2.607013E+03 2.607013E+03 2.607013E+03 2.607013E+03 
4.237885E+03 4.237885E+03 4.237885E+03 4.237885E+03 4.237885E+03 4.237885E+03 4.237885E+03 4.237885E+03 4.237885E+03 4.237885E+03 4.237885E+03 4.237885E+03 4.237885E+03 4.237885E+03 4.237885E+03 4.237885E+03 
5.591736E+03 5.591736E+03 5.591736E+03 5.591736E+03 5.591736E+03 5.591736E+03 5.591736E+03 5.591736E+03 5.591736E+03 5.591736E+03 5.591736E+03 5.591736E+03 5.591736E+03 5.591736E+03 5.591736E+03 5.591736E+03 
5.702294E+03 5.487500E+03 5.487500E+03 5.487500E+03 5.487500E+03 5.487500E+03 5.487500E+03 5.487500E+03 5.487500E+03 5.487500E+03 5.487500E+03 5.487500E+03 5.487500E+03 5.487500E+03 5.487500E+03 5.487500E+03 
