4.393048E+02 4.393048E+02 4.381410E+02 4.373875E+02 4.373875E+02 4.218458E+02 3.750959E+02 3.750959E+02 3.750959E+02 3.750959E+02 3.750959E+02 3.750959E+02 3.750959E+02 3.750959E+02 3.750959E+02 3.750959E+02 
3.273338E+02 3.273338E+02 3.273338E+02 3.273338E+02 3.273338E+02 3.273338E+02 3.273338E+02 3.273338E+02 3.273338E+02 3.273338E+02 3.273338E+02 3.273338E+02 3.273338E+02 3.273338E+02 3.273338E+02 3.158248E+02 
4.445110E+02 3.979006E+02 3.979006E+02 3.979006E+02 3.761692E+02 3.761692E+02 3.761692E+02 3.761692E+02 3.761692E+02 3.761692E+02 3.761692E+02 3.719993E+02 3.645039E+02 3.645039E+02 3.411598E+02 3.411598E+02 
4.496480E+02 4.279261E+02 4.279261E+02 4.279261E+02 4.079048E+02 4.079048E+02 4.044818E+02 3.854574E+02 3.854574E+02 3.854574E+02 3.854574E+02 3.854574E+02 3.731089E+02 3.505418E+02 3.505418E+02 3.505418E+02 
4.725825E+02 4.725825E+02 4.725825E+02 4.714042E+02 4.714042E+02 3.633323E+02 3.633323E+02 3.633323E+02 3.521136E+02 3.521136E+02 3.521136E+02 3.521136E+02 3.521136E+02 3.521136E+02 3.501014E+02 3.501014E+02 
4.684642E+02 4.535339E+02 4.535339E+02 4.535339E+02 4.535339E+02 4.532552E+02 4.532552E+02 3.837077E+02 3.620933E+02 3.620933E+02 3.620933E+02 3.620933E+02 3.620933E+02 3.620933E+02 3.620933E+02 3.437251E+02 
4.922482E+02 3.320632E+02 3.320632E+02 3.320632E+02 3.320632E+02 3.320632E+02 2.520308E+02 2.520308E+02 2.520308E+02 2.520308E+02 2.520308E+02 2.520308E+02 2.520308E+02 2.520308E+02 2.520308E+02 2.520308E+02 
3.205059E+02 3.205059E+02 3.205059E+02 3.205059E+02 3.205059E+02 3.205059E+02 3.205059E+02 2.911289E+02 2.911289E+02 2.911289E+02 2.911289E+02 2.911289E+02 2.911289E+02 2.911289E+02 2.911289E+02 2.911289E+02 
3.422990E+02 3.422990E+02 3.422990E+02 3.422990E+02 3.422990E+02 3.422990E+02 3.422990E+02 3.422990E+02 3.347424E+02 3.347424E+02 3.347424E+02 3.347424E+02 3.347424E+02 3.347424E+02 3.186131E+02 3.186131E+02 
6.996433E+02 3.754544E+02 3.754544E+02 3.754544E+02 3.754544E+02 3.754544E+02 3.754544E+02 3.754544E+02 3.754544E+02 3.754544E+02 3.461280E+02 3.461280E+02 3.461280E+02 3.461280E+02 3.461280E+02 3.461280E+02 
4.773704E+02 4.773704E+02 4.079397E+02 4.079397E+02 3.946878E+02 3.946878E+02 3.313057E+02 3.313057E+02 3.313057E+02 3.313057E+02 3.313057E+02 3.313057E+02 3.313057E+02 3.313057E+02 3.313057E+02 3.313057E+02 
5.821815E+02 5.821815E+02 5.001923E+02 4.548321E+02 4.548321E+02 3.675249E+02 3.675249E+02 3.675249E+02 3.675249E+02 3.666107E+02 3.666107E+02 3.581209E+02 3.581209E+02 3.581209E+02 3.467153E+02 3.059079E+02 
4.710691E+02 4.710691E+02 3.981872E+02 3.981872E+02 3.981872E+02 2.924425E+02 2.924425E+02 2.924425E+02 2.924425E+02 2.924425E+02 2.924425E+02 2.924425E+02 2.924425E+02 2.924425E+02 2.924425E+02 2.924425E+02 
3.281826E+02 3.281826E+02 3.281826E+02 3.281826E+02 3.177714E+02 3.177714E+02 3.177714E+02 3.177714E+02 3.177714E+02 3.123984E+02 3.123984E+02 3.123984E+02 3.123984E+02 3.123984E+02 3.123984E+02 3.123984E+02 
4.560365E+02 4.560365E+02 4.086202E+02 4.086202E+02 3.148978E+02 3.148978E+02 3.148978E+02 3.148978E+02 3.148978E+02 3.148978E+02 3.148978E+02 3.014937E+02 3.014937E+02 3.014937E+02 3.014937E+02 3.014937E+02 
4.183012E+02 4.183012E+02 4.183012E+02 4.183012E+02 4.183012E+02 2.970092E+02 2.970092E+02 2.970092E+02 2.970092E+02 2.292917E+02 2.292917E+02 2.292917E+02 2.292917E+02 2.292917E+02 2.292917E+02 2.292917E+02 
4.347673E+02 4.347673E+02 3.429587E+02 3.084317E+02 2.973449E+02 2.973449E+02 2.973449E+02 2.973449E+02 2.973449E+02 2.973449E+02 2.973449E+02 2.973449E+02 2.973449E+02 2.973449E+02 2.973449E+02 2.973449E+02 
6.376724E+02 4.927364E+02 4.917064E+02 3.943713E+02 3.943713E+02 3.943713E+02 3.800589E+02 3.379555E+02 3.379555E+02 3.379555E+02 3.379555E+02 3.379555E+02 3.379555E+02 3.249571E+02 3.249571E+02 3.249571E+02 
3.886170E+02 3.886170E+02 3.289804E+02 3.289804E+02 3.289804E+02 3.289804E+02 2.844479E+02 2.844479E+02 2.844479E+02 2.844479E+02 2.844479E+02 2.844479E+02 2.844479E+02 2.844479E+02 2.844479E+02 2.844479E+02 
5.066458E+02 4.885330E+02 4.885330E+02 4.274606E+02 4.274606E+02 4.274606E+02 4.274606E+02 4.077374E+02 3.836310E+02 3.836310E+02 3.836310E+02 3.836310E+02 3.836310E+02 3.314826E+02 3.314826E+02 3.314826E+02 
4.079779E+02 4.079779E+02 4.079779E+02 4.079779E+02 4.079779E+02 3.040703E+02 3.040703E+02 3.040703E+02 3.040703E+02 3.040703E+02 3.040703E+02 3.040703E+02 3.040703E+02 3.040703E+02 3.040703E+02 3.040703E+02 
5.526633E+02 4.461853E+02 4.461853E+02 4.393478E+02 4.393478E+02 4.106695E+02 3.599114E+02 3.599114E+02 3.128559E+02 3.128559E+02 3.128559E+02 3.128559E+02 3.128559E+02 3.128559E+02 3.128559E+02 3.128559E+02 
3.946858E+02 3.946858E+02 3.946858E+02 3.946858E+02 3.141055E+02 3.141055E+02 3.141055E+02 3.141055E+02 3.141055E+02 3.141055E+02 3.037412E+02 3.037412E+02 3.037412E+02 3.037412E+02 3.037412E+02 3.037412E+02 
5.275174E+02 5.275174E+02 4.819167E+02 4.417108E+02 3.423108E+02 3.423108E+02 3.423108E+02 3.423108E+02 3.423108E+02 3.423108E+02 3.423108E+02 3.423108E+02 3.423108E+02 3.423108E+02 3.423108E+02 3.423108E+02 
4.707292E+02 4.707292E+02 4.707292E+02 4.545614E+02 4.273106E+02 4.273106E+02 3.419017E+02 3.419017E+02 3.419017E+02 3.419017E+02 3.419017E+02 3.419017E+02 3.419017E+02 3.054251E+02 3.054251E+02 3.054251E+02 
4.525926E+02 4.525926E+02 4.525926E+02 4.525926E+02 4.525926E+02 4.525926E+02 4.377877E+02 3.556760E+02 3.556760E+02 3.556760E+02 3.556760E+02 3.556760E+02 2.996260E+02 2.996260E+02 2.963888E+02 2.963888E+02 
4.212310E+02 4.212310E+02 4.212310E+02 4.212310E+02 4.212310E+02 4.212310E+02 2.999489E+02 2.999489E+02 2.999489E+02 2.999489E+02 2.999489E+02 2.999489E+02 2.999489E+02 2.999489E+02 2.999489E+02 2.999489E+02 
5.142722E+02 5.142722E+02 5.142722E+02 4.187317E+02 3.860642E+02 3.860642E+02 3.419832E+02 3.419832E+02 3.419832E+02 3.416130E+02 3.416130E+02 3.416130E+02 3.416130E+02 3.324603E+02 3.324603E+02 3.324603E+02 
4.863592E+02 4.593400E+02 4.593400E+02 4.593400E+02 4.593400E+02 3.852029E+02 3.852029E+02 3.852029E+02 3.852029E+02 3.852029E+02 3.434384E+02 3.434384E+02 3.434384E+02 3.434384E+02 3.434384E+02 3.434384E+02 
6.482956E+02 6.406415E+02 5.379566E+02 3.626444E+02 3.357297E+02 3.100886E+02 3.100886E+02 3.067008E+02 3.067008E+02 3.067008E+02 3.067008E+02 3.067008E+02 3.067008E+02 3.067008E+02 3.067008E+02 2.746011E+02 
