2.821881E+04 1.900568E+04 1.762658E+04 8.548741E+03 5.717285E+03 1.165075E+03 5.500311E+02 5.838575E+01 3.763551E+00 7.447830E-04 2.586402E-04 3.436918E-05 4.596379E-07 10E-8 10E-8 10E-8 
1.476981E+04 1.476981E+04 1.476981E+04 1.463133E+04 1.463133E+04 7.622050E+03 1.577212E+03 5.668560E+02 1.783375E+02 2.190805E+00 2.899937E-04 2.347681E-05 6.443662E-07 10E-8 10E-8 10E-8 
2.396280E+04 2.396280E+04 1.571722E+04 1.162472E+04 1.162472E+04 1.053818E+04 2.929121E+03 1.214104E+03 2.716915E+02 1.761740E+01 2.802137E-04 1.926326E-05 3.408874E-07 10E-8 10E-8 10E-8 
2.635552E+04 2.585303E+04 2.585303E+04 1.499004E+04 6.902043E+03 5.910943E+03 8.417933E+02 2.413960E+01 1.392616E-01 1.146752E-03 2.742226E-04 1.397230E-05 3.357382E-07 10E-8 10E-8 10E-8 
2.631115E+04 2.631115E+04 2.194629E+04 9.394957E+03 7.892843E+03 3.725702E+03 1.396017E+03 3.448682E+02 1.168776E+02 1.865467E+01 2.207079E-04 1.727254E-05 2.453021E-07 10E-8 10E-8 10E-8 
2.605333E+04 1.757912E+04 1.757912E+04 1.237502E+04 9.869124E+03 6.566465E+03 3.830251E+03 1.515262E+03 7.127873E+02 1.284146E+02 4.388427E-01 2.552959E-05 3.628783E-07 10E-8 10E-8 10E-8 
4.201722E+04 4.201722E+04 3.129522E+04 2.548554E+04 1.307132E+04 7.563426E+03 1.727984E+03 4.901989E+02 1.493166E+02 9.194053E+00 3.042296E-04 2.023750E-05 4.248403E-07 10E-8 10E-8 10E-8 
3.133432E+04 2.476711E+04 1.900115E+04 1.900115E+04 1.575364E+04 5.760191E+03 1.523226E+03 1.436917E+02 9.674793E-01 9.043669E-04 1.407594E-04 2.320109E-05 5.331131E-07 10E-8 10E-8 10E-8 
3.634692E+04 3.562796E+04 1.899870E+04 1.657199E+04 1.318706E+04 1.260771E+04 5.159778E+03 1.257555E+03 4.527630E+02 8.885349E+01 1.423275E+00 1.632758E-05 7.268784E-07 10E-8 10E-8 10E-8 
4.450340E+04 4.450340E+04 4.450340E+04 3.778807E+04 1.526089E+04 8.556408E+03 5.192533E+03 3.617058E+03 1.884124E+03 5.188351E+02 4.228480E+01 3.552517E-05 2.696021E-07 10E-8 10E-8 10E-8 
3.467272E+04 3.467272E+04 3.467272E+04 1.903640E+04 1.485743E+04 4.339005E+03 1.508025E+03 1.648205E+02 7.450011E+00 1.970594E-03 2.188164E-04 1.617641E-05 6.434290E-07 10E-8 10E-8 10E-8 
2.480677E+04 2.480677E+04 1.947168E+04 1.556919E+04 1.202677E+04 3.191830E+03 9.973252E+02 1.364700E+02 3.257004E+01 2.660847E-03 2.147812E-04 1.190855E-05 3.325111E-07 10E-8 10E-8 10E-8 
3.180554E+04 2.957049E+04 1.729450E+04 1.729450E+04 1.154337E+04 8.297793E+03 2.693597E+03 7.946315E+02 2.654999E+02 4.910739E+01 3.345350E-03 1.582423E-05 5.758027E-07 10E-8 10E-8 10E-8 
5.559916E+04 5.559916E+04 5.559916E+04 4.383049E+04 2.594659E+04 6.702453E+03 3.897699E+03 5.694912E+02 1.324622E+02 2.667746E+00 2.335564E-04 1.684249E-05 4.282452E-07 10E-8 10E-8 10E-8 
5.107918E+04 5.107918E+04 5.107918E+04 5.107918E+04 2.116083E+04 1.407540E+04 5.502638E+03 4.955602E+02 8.773150E+01 2.770190E-01 2.682698E-04 1.367753E-05 4.608445E-07 10E-8 10E-8 10E-8 
1.558631E+04 1.558631E+04 1.558631E+04 1.558631E+04 1.469253E+04 5.895033E+03 4.442671E+03 2.156389E+02 1.283876E+01 1.152504E-03 4.073699E-05 2.779786E-05 5.451203E-07 10E-8 10E-8 10E-8 
4.758099E+04 3.532522E+04 2.614676E+04 2.063830E+04 1.590980E+04 7.154681E+03 5.243899E+03 1.061795E+03 3.464691E+02 3.309892E+01 1.819955E-04 2.424464E-05 4.479429E-07 10E-8 10E-8 10E-8 
3.578241E+04 2.409954E+04 9.895430E+03 8.541164E+03 5.679590E+03 9.282233E+02 5.009110E+02 1.344995E+01 2.168529E-02 5.677406E-04 2.714088E-04 1.885415E-05 6.301102E-07 10E-8 10E-8 10E-8 
3.119757E+04 3.119757E+04 2.864735E+04 2.213023E+04 1.314912E+04 9.918990E+03 4.838266E+03 3.448290E+02 7.796432E+01 3.342498E-01 2.710201E-04 1.698260E-05 5.303261E-07 10E-8 10E-8 10E-8 
3.669561E+04 1.607736E+04 1.475154E+04 1.343091E+04 9.032059E+03 4.560474E+03 1.031418E+03 1.668419E+02 3.831996E+01 1.672393E-01 2.680926E-04 1.809349E-05 4.535710E-07 10E-8 10E-8 10E-8 
3.644923E+04 2.884012E+04 2.633911E+04 2.495698E+04 1.395607E+04 8.780397E+03 6.602563E+03 7.342609E+02 2.373869E+02 5.433642E+01 1.078147E-01 1.265886E-05 5.072648E-07 10E-8 10E-8 10E-8 
6.091722E+03 6.091722E+03 3.226161E+03 3.226161E+03 1.996470E+03 7.161777E+02 1.341740E+02 1.702575E+01 7.061550E-03 4.398793E-04 1.709772E-04 2.787245E-05 5.026272E-07 10E-8 10E-8 10E-8 
5.577860E+04 3.858101E+04 2.258816E+04 1.187761E+04 6.017277E+03 3.655962E+03 5.450054E+02 5.167563E+01 6.895287E-02 1.592150E-03 2.119855E-04 2.111070E-05 5.284098E-07 10E-8 10E-8 10E-8 
1.711056E+04 1.711056E+04 1.635875E+04 1.471113E+04 6.843557E+03 3.673129E+03 7.541649E+02 1.210250E+02 6.334349E+00 9.258944E-04 1.713745E-04 1.684458E-05 6.446023E-07 10E-8 10E-8 10E-8 
2.191637E+04 2.191637E+04 2.191637E+04 2.191637E+04 2.191637E+04 8.183296E+03 8.389259E+02 4.099657E+02 2.676672E+01 1.551564E-03 2.189711E-04 2.330989E-05 3.913003E-07 10E-8 10E-8 10E-8 
4.472159E+04 2.947493E+04 2.947493E+04 2.947493E+04 2.625317E+04 1.876822E+04 1.158277E+04 9.420914E+02 7.867935E+01 2.741399E+00 2.425136E-04 1.562690E-05 6.268723E-07 10E-8 10E-8 10E-8 
9.093608E+03 9.093608E+03 9.093608E+03 2.731056E+03 2.731056E+03 2.446994E+03 3.492042E+02 3.028022E+01 1.040130E-01 1.395658E-03 2.347279E-04 2.465265E-05 4.324686E-07 10E-8 10E-8 10E-8 
1.972926E+04 1.935970E+04 1.376373E+04 1.376373E+04 7.755547E+03 5.389400E+03 2.157509E+03 1.933845E+02 9.438623E+00 2.016484E-03 2.299498E-04 1.862603E-05 5.433146E-07 10E-8 10E-8 10E-8 
1.840475E+04 1.840475E+04 1.388768E+04 1.386060E+04 1.196179E+04 7.879759E+03 4.038169E+03 7.156377E+01 4.258524E+00 1.179361E-03 2.140455E-04 1.463498E-05 3.606236E-07 10E-8 10E-8 10E-8 
2.379821E+04 2.379821E+04 1.266094E+04 1.049257E+04 8.762116E+03 4.703800E+03 5.525035E+02 9.315129E+01 3.701417E+00 1.062035E-03 2.659747E-04 1.439965E-05 4.861413E-07 10E-8 10E-8 10E-8 
