1.948264E+03 9.554365E+02 1.847832E+02 1.081091E+02 2.398944E+01 1.263397E+01 4.431348E+00 5.079447E-01 1.305958E-01 4.066901E-02 6.969209E-03 2.433492E-05 6.973813E-06 10E-8 10E-8 10E-8 
9.298873E+02 1.287363E+02 1.287363E+02 9.325581E+01 3.791209E+01 1.165013E+01 8.534739E+00 7.439236E+00 7.067530E+00 6.055627E+00 4.713409E+00 4.403467E+00 4.266618E+00 3.991084E+00 3.986579E+00 3.986579E+00 
9.593201E+02 6.687885E+02 2.370846E+02 9.560259E+01 7.437256E+01 4.566356E+01 1.080067E+01 7.494841E+00 7.094431E+00 5.951769E+00 5.150762E+00 4.819324E+00 4.682470E+00 4.112901E+00 3.986582E+00 3.986582E+00 
4.711362E+02 3.995462E+02 1.666155E+02 1.375151E+02 1.065467E+02 1.022998E+02 8.495576E+01 8.359647E+01 7.389766E+01 4.439530E+01 1.757077E+01 9.699799E+00 8.926699E+00 8.916102E+00 8.916102E+00 8.916102E+00 
9.158529E+02 1.792254E+02 1.105857E+02 8.899614E+01 4.586765E+01 1.822056E+01 9.478105E+00 3.276430E-01 8.726630E-03 7.910452E-03 1.037040E-03 2.060747E-04 2.702923E-07 1.298612E-07 1.298612E-07 1.283137E-07 
2.678446E+02 2.169688E+02 1.196845E+02 4.463164E+01 3.385315E+01 1.784517E+01 1.128952E+01 8.951082E+00 8.916217E+00 8.916124E+00 8.916109E+00 8.916102E+00 8.916102E+00 8.916102E+00 8.916102E+00 8.916102E+00 
1.004837E+03 6.311309E+02 2.354758E+02 1.470560E+02 8.369994E+01 2.196748E+01 8.783504E+00 4.224872E+00 3.991197E+00 3.990281E+00 3.989112E+00 3.986586E+00 3.986583E+00 3.986579E+00 3.986579E+00 3.986579E+00 
4.364813E+02 2.696190E+02 5.632653E+01 3.431264E+01 2.874233E+01 2.084060E+01 1.332055E+01 9.000128E+00 8.916228E+00 8.916141E+00 8.916112E+00 8.916103E+00 8.916102E+00 8.916102E+00 8.916102E+00 8.916102E+00 
1.192740E+03 5.378806E+02 1.366616E+02 1.222754E+02 7.598082E+01 1.557787E+01 6.046415E+00 8.269308E-01 4.788704E-01 1.304834E-01 2.974009E-05 2.033474E-05 10E-8 10E-8 10E-8 10E-8 
1.483061E+03 8.768032E+02 2.803081E+02 3.732623E+01 2.022556E+01 1.662855E+01 1.010414E+01 9.330309E+00 8.916524E+00 8.916128E+00 8.916110E+00 8.916103E+00 8.916102E+00 8.916102E+00 8.916102E+00 8.916102E+00 
1.891298E+03 2.509320E+02 2.509320E+02 1.383343E+02 1.006236E+02 9.127613E+01 7.151613E+01 5.678051E+01 2.969311E+01 1.163885E+01 7.382467E+00 6.913805E+00 6.646180E+00 6.498465E+00 4.002761E+00 3.986581E+00 
3.211809E+02 2.904853E+02 2.469953E+02 1.289140E+02 9.149247E+01 7.289316E+01 6.505689E+01 3.582440E+01 1.647902E+01 7.239214E+00 4.885618E+00 4.589146E+00 4.391687E+00 4.293528E+00 3.986579E+00 3.986579E+00 
9.546137E+02 7.859145E+02 5.353317E+02 4.739182E+02 4.138922E+02 1.336454E+02 1.184301E+01 8.661395E+00 7.403936E+00 6.779186E+00 5.570071E+00 5.080632E+00 4.857031E+00 4.174658E+00 3.986582E+00 3.986580E+00 
8.455359E+02 7.626656E+02 3.615003E+02 9.979914E+01 3.974253E+01 1.690709E+01 9.396288E+00 8.918380E+00 8.916183E+00 8.916127E+00 8.916107E+00 8.916103E+00 8.916102E+00 8.916102E+00 8.916102E+00 8.916102E+00 
6.870543E+02 4.345970E+02 3.504059E+02 1.955694E+02 1.054437E+02 9.992194E+01 9.554486E+01 9.330377E+01 9.212070E+01 9.127104E+01 8.764667E+01 8.321303E+01 8.079253E+01 8.918071E+00 8.916102E+00 8.916102E+00 
1.048508E+03 3.980230E+02 3.244750E+02 1.555831E+02 7.988036E+01 6.753317E+01 4.422455E+01 1.491435E+01 2.124104E+00 2.610753E-01 5.447350E-02 5.008756E-04 1.564756E-06 10E-8 10E-8 10E-8 
6.042153E+02 2.677067E+02 1.291989E+02 8.733469E+01 7.202788E+01 4.603499E+01 3.196959E+00 4.536119E-02 3.881269E-02 1.215777E-02 2.771791E-03 4.114006E-04 5.581971E-06 2.662164E-07 2.662164E-07 2.662164E-07 
1.470042E+03 6.244028E+02 2.629325E+02 2.097817E+02 1.030169E+02 8.054395E+01 7.204464E+01 7.000535E+01 5.862490E+01 2.319559E+01 1.020138E+01 4.724637E+00 4.361568E+00 4.348907E+00 3.986582E+00 3.986579E+00 
5.079229E+02 3.438636E+02 8.995904E+01 8.432037E+01 6.494440E+01 5.962705E+01 4.863234E+01 1.002570E+01 7.661519E+00 6.802767E+00 5.673607E+00 5.252226E+00 4.899001E+00 4.101476E+00 3.986583E+00 3.986579E+00 
1.061432E+03 4.355778E+02 2.963857E+02 9.703531E+01 3.758333E+01 2.751149E+01 2.344791E+01 8.121099E+00 7.241980E+00 6.589999E+00 5.284125E+00 4.953237E+00 4.745182E+00 4.040747E+00 3.986579E+00 3.986579E+00 
1.319736E+03 3.121871E+02 2.064746E+02 1.230658E+02 1.064166E+02 3.468599E+01 1.576752E+01 1.265078E+01 9.262625E+00 4.440532E+00 4.332750E+00 4.154979E+00 4.107912E+00 4.059603E+00 3.986582E+00 3.986579E+00 
5.918913E+02 2.607401E+02 2.164474E+02 1.484199E+02 1.047435E+02 9.396986E+01 7.790545E+01 2.850825E+01 1.476955E+01 5.608428E+00 8.734506E-01 4.072357E-01 1.817916E-01 1.671741E-01 5.795524E-07 5.185245E-07 
1.079169E+03 6.721630E+02 3.522187E+02 3.128623E+02 1.863255E+02 1.555849E+02 1.146581E+02 6.459010E+01 4.007390E+01 1.171660E+01 8.926292E+00 8.916103E+00 8.916102E+00 8.916102E+00 8.916102E+00 8.916102E+00 
1.232633E+03 5.955408E+02 4.907438E+02 3.256483E+02 1.721355E+02 2.643404E+01 1.129461E+01 9.030177E+00 8.916516E+00 8.916137E+00 8.916110E+00 8.916103E+00 8.916102E+00 8.916102E+00 8.916102E+00 8.916102E+00 
9.436047E+02 4.056484E+02 1.785073E+02 8.318756E+01 2.405892E+01 1.143528E+01 8.216873E+00 4.846180E+00 4.382514E+00 4.137907E+00 3.989234E+00 3.987035E+00 3.986590E+00 3.986579E+00 3.986579E+00 3.986579E+00 
1.154770E+03 6.338708E+02 3.296462E+02 9.223313E+01 3.267660E+01 1.845857E+01 1.012360E+01 8.970732E+00 8.916226E+00 8.916133E+00 8.916111E+00 8.916103E+00 8.916102E+00 8.916102E+00 8.916102E+00 8.916102E+00 
7.075151E+02 6.159047E+02 4.032526E+02 1.414579E+02 3.466177E+01 1.402782E+01 1.102656E+01 9.167373E+00 8.916225E+00 8.916120E+00 8.916108E+00 8.916102E+00 8.916102E+00 8.916102E+00 8.916102E+00 8.916102E+00 
8.932673E+02 3.082043E+02 1.383609E+02 5.184997E+01 3.194460E+01 9.041669E+00 7.689400E+00 7.323838E+00 6.083863E+00 4.986028E+00 4.578004E+00 4.305810E+00 4.229295E+00 3.988553E+00 3.986582E+00 3.986581E+00 
6.521041E+02 3.454333E+02 1.716612E+02 1.130832E+02 5.654100E+01 1.477068E+01 8.249654E+00 7.555722E+00 6.838349E+00 5.830944E+00 5.356417E+00 5.031004E+00 4.777007E+00 4.009557E+00 3.986580E+00 3.986580E+00 
1.003412E+03 5.359309E+02 9.616171E+01 5.838738E+01 3.086593E+01 1.504403E+01 1.180260E+01 9.755671E+00 8.933218E+00 8.916142E+00 8.916109E+00 8.916102E+00 8.916102E+00 8.916102E+00 8.916102E+00 8.916102E+00 
