7.156135E+01 7.156135E+01 7.156135E+01 7.156135E+01 7.156135E+01 7.156135E+01 7.156135E+01 7.156135E+01 7.156135E+01 7.156135E+01 7.156135E+01 7.156135E+01 7.156135E+01 7.156135E+01 7.156135E+01 7.156135E+01 
7.578198E+01 7.578198E+01 7.578198E+01 7.578198E+01 7.578198E+01 7.578198E+01 7.578198E+01 7.578198E+01 7.578198E+01 7.578198E+01 7.578198E+01 7.578198E+01 7.578198E+01 7.578198E+01 7.578198E+01 7.578198E+01 
8.611393E+01 8.331654E+01 8.193712E+01 8.193712E+01 8.193712E+01 8.193712E+01 8.193712E+01 8.193712E+01 8.193712E+01 8.193712E+01 8.193712E+01 8.193712E+01 8.193712E+01 8.193712E+01 8.193712E+01 8.193712E+01 
7.175725E+01 7.175725E+01 7.175725E+01 7.175725E+01 7.175725E+01 7.175725E+01 7.175725E+01 7.175725E+01 7.175725E+01 7.175725E+01 7.175725E+01 7.175725E+01 7.175725E+01 7.175725E+01 7.175725E+01 7.175725E+01 
8.076865E+01 8.076865E+01 8.076865E+01 8.076865E+01 8.076865E+01 8.076865E+01 8.076865E+01 8.076865E+01 8.076865E+01 8.076865E+01 8.076865E+01 8.076865E+01 8.076865E+01 8.076865E+01 8.076865E+01 8.076865E+01 
6.993817E+01 6.993817E+01 6.993817E+01 6.993817E+01 6.993817E+01 6.993817E+01 6.993817E+01 6.993817E+01 6.993817E+01 6.993817E+01 6.993817E+01 6.993817E+01 6.993817E+01 6.993817E+01 6.993817E+01 6.993817E+01 
5.429100E+01 5.429100E+01 5.429100E+01 5.429100E+01 5.429100E+01 5.429100E+01 5.429100E+01 5.429100E+01 5.429100E+01 5.429100E+01 5.429100E+01 5.429100E+01 5.429100E+01 5.429100E+01 5.429100E+01 5.429100E+01 
5.842443E+01 5.842443E+01 5.842443E+01 5.842443E+01 5.842443E+01 5.842443E+01 5.842443E+01 5.842443E+01 5.842443E+01 5.842443E+01 5.842443E+01 5.842443E+01 5.842443E+01 5.842443E+01 5.842443E+01 5.842443E+01 
6.423870E+01 6.423870E+01 6.423870E+01 6.423870E+01 6.423870E+01 6.423870E+01 6.423870E+01 6.423870E+01 6.423870E+01 6.423870E+01 6.423870E+01 6.423870E+01 6.423870E+01 6.423870E+01 6.423870E+01 6.423870E+01 
7.383078E+01 6.798541E+01 6.798541E+01 6.798541E+01 6.798541E+01 6.798541E+01 6.798541E+01 6.798541E+01 6.798541E+01 6.798541E+01 6.798541E+01 6.798541E+01 6.798541E+01 6.798541E+01 6.798541E+01 6.798541E+01 
8.133136E+01 6.218567E+01 6.218567E+01 6.218567E+01 6.218567E+01 6.218567E+01 6.218567E+01 6.218567E+01 6.218567E+01 6.218567E+01 6.218567E+01 6.218567E+01 6.218567E+01 6.218567E+01 6.218567E+01 6.218567E+01 
8.072804E+01 8.072804E+01 8.072804E+01 8.072804E+01 8.072804E+01 8.072804E+01 8.072804E+01 8.072804E+01 8.072804E+01 8.072804E+01 8.072804E+01 8.072804E+01 8.072804E+01 8.072804E+01 8.072804E+01 8.072804E+01 
7.984342E+01 7.609029E+01 7.609029E+01 7.609029E+01 7.609029E+01 7.609029E+01 7.609029E+01 7.609029E+01 7.609029E+01 7.609029E+01 7.609029E+01 7.609029E+01 7.609029E+01 7.609029E+01 7.609029E+01 7.609029E+01 
7.471913E+01 7.471913E+01 7.471913E+01 7.471913E+01 7.471913E+01 7.471913E+01 7.471913E+01 7.471913E+01 7.471913E+01 7.471913E+01 7.471913E+01 7.471913E+01 7.471913E+01 7.471913E+01 7.471913E+01 7.471913E+01 
8.413531E+01 7.653663E+01 7.653663E+01 7.653663E+01 7.653663E+01 7.653663E+01 7.653663E+01 7.653663E+01 7.653663E+01 7.653663E+01 7.653663E+01 7.653663E+01 7.653663E+01 7.653663E+01 7.653663E+01 7.653663E+01 
7.338764E+01 7.338764E+01 7.338764E+01 7.338764E+01 7.338764E+01 7.338764E+01 7.338764E+01 7.338764E+01 7.338764E+01 7.338764E+01 7.338764E+01 7.338764E+01 7.338764E+01 7.338764E+01 7.338764E+01 7.338764E+01 
7.846651E+01 7.846651E+01 7.846651E+01 7.846651E+01 7.846651E+01 7.846651E+01 7.846651E+01 7.846651E+01 7.846651E+01 7.846651E+01 7.846651E+01 7.846651E+01 7.846651E+01 7.846651E+01 7.846651E+01 7.846651E+01 
8.052731E+01 7.936901E+01 7.936901E+01 7.936901E+01 7.936901E+01 7.936901E+01 7.936901E+01 7.936901E+01 7.936901E+01 7.936901E+01 7.936901E+01 7.936901E+01 7.936901E+01 7.936901E+01 7.936901E+01 7.936901E+01 
8.449398E+01 7.943110E+01 7.943110E+01 7.943110E+01 7.943110E+01 7.943110E+01 7.943110E+01 7.943110E+01 7.943110E+01 7.943110E+01 7.943110E+01 7.943110E+01 7.943110E+01 7.943110E+01 7.943110E+01 7.943110E+01 
6.331727E+01 6.331727E+01 6.331727E+01 6.331727E+01 6.331727E+01 6.331727E+01 6.331727E+01 6.331727E+01 6.331727E+01 6.331727E+01 6.331727E+01 6.331727E+01 6.331727E+01 6.331727E+01 6.331727E+01 6.331727E+01 
8.812293E+01 8.187319E+01 8.187319E+01 8.187319E+01 8.187319E+01 8.187319E+01 8.187319E+01 8.187319E+01 8.187319E+01 8.187319E+01 8.187319E+01 8.187319E+01 8.187319E+01 8.187319E+01 8.187319E+01 8.187319E+01 
7.707986E+01 7.381342E+01 7.381342E+01 7.381342E+01 7.381342E+01 7.381342E+01 7.381342E+01 7.381342E+01 7.381342E+01 7.381342E+01 7.381342E+01 7.381342E+01 7.381342E+01 7.381342E+01 7.381342E+01 7.381342E+01 
7.731144E+01 7.731144E+01 7.731144E+01 7.731144E+01 7.731144E+01 7.731144E+01 7.731144E+01 7.731144E+01 7.731144E+01 7.731144E+01 7.731144E+01 7.731144E+01 7.731144E+01 7.731144E+01 7.731144E+01 7.731144E+01 
6.959429E+01 6.647444E+01 6.647444E+01 6.647444E+01 6.647444E+01 6.647444E+01 6.647444E+01 6.647444E+01 6.647444E+01 6.647444E+01 6.647444E+01 6.647444E+01 6.647444E+01 6.647444E+01 6.647444E+01 6.647444E+01 
8.392801E+01 7.905323E+01 7.905323E+01 7.905323E+01 7.905323E+01 7.905323E+01 7.905323E+01 7.905323E+01 7.905323E+01 7.905323E+01 7.905323E+01 7.905323E+01 7.905323E+01 7.905323E+01 7.905323E+01 7.905323E+01 
6.730828E+01 6.730828E+01 6.730828E+01 6.730828E+01 6.730828E+01 6.730828E+01 6.730828E+01 6.730828E+01 6.730828E+01 6.730828E+01 6.730828E+01 6.730828E+01 6.730828E+01 6.730828E+01 6.730828E+01 6.730828E+01 
7.478262E+01 6.923665E+01 6.923665E+01 6.923665E+01 6.923665E+01 6.923665E+01 6.923665E+01 6.923665E+01 6.923665E+01 6.923665E+01 6.923665E+01 6.923665E+01 6.923665E+01 6.923665E+01 6.923665E+01 6.923665E+01 
8.785479E+01 8.785479E+01 8.785479E+01 8.785479E+01 8.785479E+01 8.785479E+01 8.785479E+01 8.785479E+01 8.785479E+01 8.785479E+01 8.785479E+01 8.785479E+01 8.785479E+01 8.785479E+01 8.785479E+01 8.785479E+01 
7.400985E+01 7.159062E+01 7.159062E+01 7.159062E+01 7.159062E+01 7.159062E+01 7.159062E+01 7.159062E+01 7.159062E+01 7.159062E+01 7.159062E+01 7.159062E+01 7.159062E+01 7.159062E+01 7.159062E+01 7.159062E+01 
8.231410E+01 7.687315E+01 7.687315E+01 7.687315E+01 7.687315E+01 7.687315E+01 7.687315E+01 7.687315E+01 7.687315E+01 7.687315E+01 7.687315E+01 7.687315E+01 7.687315E+01 7.687315E+01 7.687315E+01 7.687315E+01 
