1.911373E+03 1.911373E+03 1.911373E+03 1.911373E+03 1.911373E+03 1.911373E+03 1.911373E+03 1.911373E+03 1.911373E+03 1.911373E+03 1.911373E+03 1.911373E+03 1.911373E+03 1.911373E+03 1.911373E+03 1.911373E+03 
5.383080E+03 5.383080E+03 5.383080E+03 5.383080E+03 5.383080E+03 5.383080E+03 5.383080E+03 5.383080E+03 5.383080E+03 5.383080E+03 5.383080E+03 5.383080E+03 5.383080E+03 5.383080E+03 5.383080E+03 5.383080E+03 
5.934312E+03 5.242909E+03 5.242909E+03 5.242909E+03 5.242909E+03 5.242909E+03 5.242909E+03 5.242909E+03 5.242909E+03 5.242909E+03 5.242909E+03 5.242909E+03 5.242909E+03 5.242909E+03 5.242909E+03 5.242909E+03 
5.814257E+03 5.814257E+03 5.814257E+03 5.814257E+03 5.814257E+03 5.814257E+03 5.814257E+03 5.814257E+03 5.814257E+03 5.814257E+03 5.814257E+03 5.814257E+03 5.814257E+03 5.814257E+03 5.814257E+03 5.814257E+03 
5.725797E+03 5.725797E+03 5.725797E+03 5.725797E+03 5.725797E+03 5.725797E+03 5.725797E+03 5.725797E+03 5.725797E+03 5.725797E+03 5.725797E+03 5.725797E+03 5.725797E+03 5.725797E+03 5.725797E+03 5.725797E+03 
5.795589E+03 5.652406E+03 5.652406E+03 5.652406E+03 5.652406E+03 5.652406E+03 5.652406E+03 5.652406E+03 5.652406E+03 5.652406E+03 5.652406E+03 5.652406E+03 5.652406E+03 5.652406E+03 5.652406E+03 5.652406E+03 
5.820390E+03 5.663690E+03 5.663690E+03 5.663690E+03 5.663690E+03 5.663690E+03 5.663690E+03 5.663690E+03 5.663690E+03 5.663690E+03 5.663690E+03 5.663690E+03 5.663690E+03 5.663690E+03 5.663690E+03 5.663690E+03 
6.015777E+03 5.174637E+03 5.174637E+03 5.174637E+03 5.174637E+03 5.174637E+03 5.174637E+03 5.174637E+03 5.174637E+03 5.174637E+03 5.174637E+03 5.174637E+03 5.174637E+03 5.174637E+03 5.174637E+03 5.174637E+03 
5.502860E+03 5.464494E+03 5.464494E+03 5.464494E+03 5.464494E+03 5.464494E+03 5.464494E+03 5.464494E+03 5.464494E+03 5.464494E+03 5.464494E+03 5.464494E+03 5.464494E+03 5.464494E+03 5.464494E+03 5.464494E+03 
6.018019E+03 5.881211E+03 5.881211E+03 5.881211E+03 5.881211E+03 5.881211E+03 5.881211E+03 5.881211E+03 5.881211E+03 5.881211E+03 5.881211E+03 5.881211E+03 5.881211E+03 5.881211E+03 5.881211E+03 5.881211E+03 
6.132536E+03 5.964706E+03 5.964706E+03 5.964706E+03 5.964706E+03 5.964706E+03 5.964706E+03 5.964706E+03 5.964706E+03 5.964706E+03 5.964706E+03 5.964706E+03 5.964706E+03 5.964706E+03 5.964706E+03 5.964706E+03 
5.868630E+03 5.403908E+03 5.403908E+03 5.403908E+03 5.403908E+03 5.403908E+03 5.403908E+03 5.403908E+03 5.403908E+03 5.403908E+03 5.403908E+03 5.403908E+03 5.403908E+03 5.403908E+03 5.403908E+03 5.403908E+03 
6.476059E+03 6.194871E+03 6.088484E+03 6.088484E+03 6.088484E+03 6.088484E+03 6.088484E+03 6.088484E+03 6.088484E+03 6.088484E+03 6.088484E+03 6.088484E+03 6.088484E+03 6.088484E+03 6.088484E+03 6.088484E+03 
6.151560E+03 5.534802E+03 5.534802E+03 5.534802E+03 5.534802E+03 5.534802E+03 5.534802E+03 5.534802E+03 5.534802E+03 5.534802E+03 5.534802E+03 5.534802E+03 5.534802E+03 5.534802E+03 5.534802E+03 5.534802E+03 
5.463168E+03 5.463168E+03 5.463168E+03 5.463168E+03 5.463168E+03 5.463168E+03 5.463168E+03 5.463168E+03 5.463168E+03 5.463168E+03 5.463168E+03 5.463168E+03 5.463168E+03 5.463168E+03 5.463168E+03 5.463168E+03 
5.691931E+03 5.691931E+03 5.691931E+03 5.691931E+03 5.691931E+03 5.691931E+03 5.691931E+03 5.691931E+03 5.691931E+03 5.691931E+03 5.691931E+03 5.691931E+03 5.691931E+03 5.691931E+03 5.691931E+03 5.691931E+03 
6.109845E+03 5.703366E+03 5.703366E+03 5.703366E+03 5.703366E+03 5.703366E+03 5.703366E+03 5.703366E+03 5.703366E+03 5.703366E+03 5.703366E+03 5.703366E+03 5.703366E+03 5.703366E+03 5.703366E+03 5.703366E+03 
4.597359E+03 4.597359E+03 4.597359E+03 4.597359E+03 4.597359E+03 4.597359E+03 4.597359E+03 4.597359E+03 4.597359E+03 4.597359E+03 4.597359E+03 4.597359E+03 4.597359E+03 4.597359E+03 4.597359E+03 4.597359E+03 
5.930123E+03 5.735022E+03 5.735022E+03 5.735022E+03 5.735022E+03 5.735022E+03 5.735022E+03 5.735022E+03 5.735022E+03 5.735022E+03 5.735022E+03 5.735022E+03 5.735022E+03 5.735022E+03 5.735022E+03 5.735022E+03 
6.653632E+03 6.031717E+03 6.031717E+03 6.031717E+03 6.031717E+03 6.031717E+03 6.031717E+03 6.031717E+03 6.031717E+03 6.031717E+03 6.031717E+03 6.031717E+03 6.031717E+03 6.031717E+03 6.031717E+03 6.031717E+03 
5.838719E+03 5.838719E+03 5.838719E+03 5.838719E+03 5.838719E+03 5.838719E+03 5.838719E+03 5.838719E+03 5.838719E+03 5.838719E+03 5.838719E+03 5.838719E+03 5.838719E+03 5.838719E+03 5.838719E+03 5.838719E+03 
5.965940E+03 5.675718E+03 5.675718E+03 5.675718E+03 5.675718E+03 5.675718E+03 5.675718E+03 5.675718E+03 5.675718E+03 5.675718E+03 5.675718E+03 5.675718E+03 5.675718E+03 5.675718E+03 5.675718E+03 5.675718E+03 
4.732437E+03 4.732437E+03 4.732437E+03 4.732437E+03 4.732437E+03 4.732437E+03 4.732437E+03 4.732437E+03 4.732437E+03 4.732437E+03 4.732437E+03 4.732437E+03 4.732437E+03 4.732437E+03 4.732437E+03 4.732437E+03 
5.563624E+03 5.563624E+03 5.563624E+03 5.563624E+03 5.563624E+03 5.563624E+03 5.563624E+03 5.563624E+03 5.563624E+03 5.563624E+03 5.563624E+03 5.563624E+03 5.563624E+03 5.563624E+03 5.563624E+03 5.563624E+03 
3.226831E+03 3.226831E+03 3.226831E+03 3.226831E+03 3.226831E+03 3.226831E+03 3.226831E+03 3.226831E+03 3.226831E+03 3.226831E+03 3.226831E+03 3.226831E+03 3.226831E+03 3.226831E+03 3.226831E+03 3.226831E+03 
5.013760E+03 5.013760E+03 5.013760E+03 5.013760E+03 5.013760E+03 5.013760E+03 5.013760E+03 5.013760E+03 5.013760E+03 5.013760E+03 5.013760E+03 5.013760E+03 5.013760E+03 5.013760E+03 5.013760E+03 5.013760E+03 
2.607013E+03 2.607013E+03 2.607013E+03 2.607013E+03 2.607013E+03 2.607013E+03 2.607013E+03 2.607013E+03 2.607013E+03 2.607013E+03 2.607013E+03 2.607013E+03 2.607013E+03 2.607013E+03 2.607013E+03 2.607013E+03 
4.237885E+03 4.237885E+03 4.237885E+03 4.237885E+03 4.237885E+03 4.237885E+03 4.237885E+03 4.237885E+03 4.237885E+03 4.237885E+03 4.237885E+03 4.237885E+03 4.237885E+03 4.237885E+03 4.237885E+03 4.237885E+03 
5.591736E+03 5.591736E+03 5.591736E+03 5.591736E+03 5.591736E+03 5.591736E+03 5.591736E+03 5.591736E+03 5.591736E+03 5.591736E+03 5.591736E+03 5.591736E+03 5.591736E+03 5.591736E+03 5.591736E+03 5.591736E+03 
5.744241E+03 5.494320E+03 5.494320E+03 5.494320E+03 5.494320E+03 5.494320E+03 5.494320E+03 5.494320E+03 5.494320E+03 5.494320E+03 5.494320E+03 5.494320E+03 5.494320E+03 5.494320E+03 5.494320E+03 5.494320E+03 
