2.092371E+02 2.092371E+02 2.092371E+02 2.092371E+02 1.866894E+02 8.748899E+01 8.748899E+01 8.194961E+01 8.194961E+01 7.001393E+01 5.768197E+01 5.768197E+01 5.068513E+01 5.068513E+01 5.068513E+01 5.068513E+01 
1.976690E+02 1.976690E+02 1.976690E+02 1.559105E+02 1.559105E+02 1.559105E+02 8.943453E+01 8.943453E+01 7.412382E+01 7.412382E+01 7.412382E+01 7.412382E+01 7.412382E+01 7.412382E+01 7.412382E+01 7.412382E+01 
5.330849E+02 4.397540E+02 3.869600E+02 3.869600E+02 3.869600E+02 2.312682E+02 1.090828E+02 7.765179E+01 7.765179E+01 7.765179E+01 7.765179E+01 7.765179E+01 7.765179E+01 6.161246E+01 5.897371E+01 5.897371E+01 
3.348515E+02 3.264012E+02 2.044958E+02 2.044958E+02 2.044958E+02 1.101057E+02 8.649884E+01 6.800385E+01 6.800385E+01 6.756928E+01 6.756928E+01 6.080129E+01 6.080129E+01 6.080129E+01 6.080129E+01 5.507737E+01 
5.801252E+02 5.801252E+02 3.181683E+02 3.046090E+02 2.419025E+02 2.024900E+02 6.581896E+01 6.581896E+01 6.581896E+01 6.558941E+01 5.537592E+01 5.537592E+01 5.537592E+01 5.537592E+01 5.537592E+01 5.537592E+01 
2.870103E+02 2.870103E+02 2.211460E+02 2.211460E+02 2.211460E+02 2.094981E+02 2.094981E+02 1.517666E+02 9.018495E+01 7.647748E+01 7.647748E+01 6.575006E+01 6.575006E+01 6.575006E+01 5.987679E+01 5.987679E+01 
3.053984E+02 3.053984E+02 3.028415E+02 2.138617E+02 6.098191E+01 6.098191E+01 6.098191E+01 6.098191E+01 6.098191E+01 6.098191E+01 6.098191E+01 6.098191E+01 6.098191E+01 6.098191E+01 6.098191E+01 6.098191E+01 
1.444447E+02 1.444447E+02 9.225630E+01 9.225630E+01 9.225630E+01 9.225630E+01 8.930768E+01 6.774980E+01 6.774980E+01 6.774980E+01 6.774980E+01 6.774980E+01 6.774980E+01 6.748759E+01 6.748759E+01 6.615037E+01 
3.104143E+02 3.104143E+02 3.104143E+02 1.461180E+02 6.184152E+01 6.184152E+01 6.184152E+01 6.184152E+01 6.184152E+01 6.184152E+01 6.184152E+01 4.923225E+01 4.923225E+01 4.923225E+01 4.923225E+01 4.923225E+01 
3.924753E+02 3.924753E+02 2.422765E+02 2.422765E+02 1.167491E+02 1.167491E+02 8.734816E+01 8.734816E+01 8.734816E+01 8.734816E+01 8.734816E+01 8.734816E+01 8.734816E+01 6.946860E+01 6.441659E+01 6.441659E+01 
2.369011E+02 2.274641E+02 2.274641E+02 7.880098E+01 7.880098E+01 7.880098E+01 7.880098E+01 7.880098E+01 7.880098E+01 7.880098E+01 7.880098E+01 7.880098E+01 6.779174E+01 6.779174E+01 6.779174E+01 6.779174E+01 
4.366591E+02 4.366591E+02 5.870655E+01 5.870655E+01 5.870655E+01 5.870655E+01 5.870655E+01 5.870655E+01 5.870655E+01 5.870655E+01 5.870655E+01 5.870655E+01 5.870655E+01 5.870655E+01 5.870655E+01 5.870655E+01 
3.495989E+02 3.495989E+02 2.363896E+02 2.363896E+02 1.941504E+02 1.941504E+02 1.941504E+02 7.217007E+01 7.217007E+01 7.217007E+01 7.217007E+01 7.217007E+01 6.928499E+01 4.933732E+01 4.933732E+01 4.933732E+01 
4.463872E+02 1.859456E+02 1.859456E+02 1.859456E+02 1.859456E+02 1.859456E+02 1.859456E+02 1.859456E+02 8.072305E+01 6.251964E+01 6.251964E+01 6.251964E+01 5.737475E+01 5.737475E+01 5.737475E+01 5.497169E+01 
3.287418E+02 3.287418E+02 3.287418E+02 1.142064E+02 1.142064E+02 1.142064E+02 9.095593E+01 9.095593E+01 9.095593E+01 8.741962E+01 8.741962E+01 8.741962E+01 6.636246E+01 6.636246E+01 6.636246E+01 6.617310E+01 
5.664229E+02 1.923561E+02 1.923561E+02 1.292221E+02 6.112019E+01 6.112019E+01 6.112019E+01 6.112019E+01 5.630918E+01 5.630918E+01 5.630918E+01 3.819524E+01 3.819524E+01 3.819524E+01 3.819524E+01 3.819524E+01 
2.526597E+02 2.309494E+02 1.826371E+02 1.826371E+02 1.826371E+02 1.418013E+02 6.081541E+01 6.081541E+01 6.081541E+01 6.081541E+01 6.081541E+01 6.081541E+01 6.081541E+01 6.081541E+01 6.081541E+01 6.081541E+01 
4.313101E+02 4.313101E+02 3.877700E+02 3.397218E+02 2.491776E+02 1.491566E+02 9.518205E+01 9.518205E+01 9.518205E+01 9.518205E+01 5.908125E+01 5.908125E+01 5.908125E+01 5.908125E+01 5.908125E+01 5.908125E+01 
3.912380E+02 3.552753E+02 3.552753E+02 1.762824E+02 1.762824E+02 5.598075E+01 5.598075E+01 5.598075E+01 5.598075E+01 5.598075E+01 5.598075E+01 5.598075E+01 5.598075E+01 5.598075E+01 5.598075E+01 5.598075E+01 
2.681392E+02 1.028202E+02 1.028202E+02 9.489674E+01 9.489674E+01 7.441560E+01 7.441560E+01 7.441560E+01 7.441560E+01 7.441560E+01 7.441560E+01 7.441560E+01 7.441560E+01 7.441560E+01 6.898697E+01 6.103605E+01 
3.312815E+02 3.312815E+02 1.872720E+02 1.777950E+02 7.557876E+01 7.557876E+01 7.557876E+01 7.557876E+01 7.557876E+01 7.557876E+01 7.557876E+01 7.557876E+01 5.180558E+01 5.180558E+01 5.180558E+01 5.180558E+01 
5.098769E+02 5.098769E+02 1.643183E+02 1.643183E+02 1.643183E+02 7.398195E+01 7.398195E+01 5.896454E+01 5.896454E+01 5.896454E+01 5.896454E+01 5.896454E+01 5.896454E+01 5.896454E+01 5.896454E+01 5.231831E+01 
4.484651E+01 4.484651E+01 4.484651E+01 4.484651E+01 4.484651E+01 4.484651E+01 4.484651E+01 4.484651E+01 4.484651E+01 4.484651E+01 4.484651E+01 4.484651E+01 4.484651E+01 4.484651E+01 4.484651E+01 4.484651E+01 
6.363530E+02 3.649712E+02 1.128739E+02 1.128739E+02 1.128739E+02 1.128739E+02 1.128739E+02 1.128739E+02 1.128739E+02 1.044842E+02 7.379890E+01 6.514159E+01 6.514159E+01 6.514159E+01 6.514159E+01 6.514159E+01 
2.983392E+02 2.983392E+02 2.196973E+02 2.013032E+02 2.013032E+02 1.748603E+02 1.262182E+02 6.399136E+01 6.399136E+01 4.886068E+01 4.886068E+01 4.886068E+01 4.886068E+01 4.886068E+01 4.886068E+01 4.886068E+01 
2.333245E+02 2.333245E+02 2.333245E+02 1.280990E+02 1.280990E+02 1.031806E+02 1.031806E+02 7.054451E+01 7.054451E+01 7.054451E+01 7.054451E+01 7.054451E+01 7.054451E+01 7.054451E+01 6.154970E+01 6.154970E+01 
3.222513E+02 3.222513E+02 2.908443E+02 1.405813E+02 1.405813E+02 1.036348E+02 1.036348E+02 6.627118E+01 6.627118E+01 6.627118E+01 6.627118E+01 6.627118E+01 6.614907E+01 6.614907E+01 6.518354E+01 6.449244E+01 
4.557402E+02 4.557402E+02 3.787315E+02 6.823076E+01 6.823076E+01 6.823076E+01 6.823076E+01 6.823076E+01 6.823076E+01 6.823076E+01 5.648850E+01 5.648850E+01 5.393974E+01 5.393974E+01 5.393974E+01 5.393974E+01 
3.565305E+02 3.565305E+02 3.113514E+02 2.339945E+02 1.024108E+02 1.024108E+02 1.024108E+02 7.511434E+01 7.471764E+01 7.471764E+01 7.471764E+01 7.122111E+01 7.122111E+01 7.122111E+01 6.296834E+01 6.066294E+01 
2.644290E+02 2.644290E+02 2.644290E+02 2.633344E+02 7.726892E+01 7.726892E+01 7.726892E+01 7.726892E+01 7.410130E+01 5.417774E+01 4.499232E+01 4.499232E+01 4.499232E+01 4.499232E+01 4.499232E+01 4.499232E+01 
