1.101864E+03 4.371804E+02 1.948018E+02 1.438862E+02 1.096934E+02 1.015171E+02 1.012403E+02 1.011377E+02 1.011377E+02 1.011348E+02 1.011201E+02 1.009890E+02 1.009144E+02 1.008410E+02 1.007977E+02 1.006261E+02 
5.550914E+03 5.192803E+03 5.192803E+03 5.192803E+03 5.192803E+03 4.153596E+03 3.364648E+03 3.046660E+03 2.984596E+03 2.982667E+03 1.220637E+02 1.017472E+02 1.007532E+02 1.007254E+02 1.007040E+02 1.006216E+02 
5.493727E+03 5.189657E+03 5.189657E+03 4.799716E+03 4.799716E+03 4.329777E+03 3.485074E+03 2.908861E+03 2.815229E+03 2.768811E+03 2.756477E+03 2.375404E+03 1.900790E+03 2.453186E+02 2.447434E+02 2.447434E+02 
5.842523E+03 5.310396E+03 4.930470E+03 4.766113E+03 4.766113E+03 4.036973E+03 3.290276E+03 2.767156E+03 2.524539E+03 2.494021E+03 2.483816E+03 1.012855E+02 1.010444E+02 1.008192E+02 1.006521E+02 1.006028E+02 
5.523559E+03 4.570013E+03 4.570013E+03 4.570013E+03 4.570013E+03 4.570013E+03 4.390672E+03 2.769304E+03 2.472948E+03 2.418821E+03 2.406776E+03 2.352737E+03 2.135195E+03 1.007198E+02 1.006384E+02 1.006094E+02 
5.798076E+03 4.819116E+03 4.819116E+03 4.819116E+03 4.819116E+03 4.598258E+03 4.222061E+03 2.525529E+03 2.137252E+03 2.018888E+03 1.991426E+03 1.720641E+03 1.013931E+02 1.008025E+02 1.006908E+02 1.004025E+02 
5.844846E+03 5.016226E+03 4.997405E+03 4.339501E+03 4.139109E+03 2.844162E+03 1.920447E+03 1.791218E+03 1.788916E+03 1.353273E+03 1.352622E+03 9.988169E+02 5.881501E+02 5.881496E+02 1.009666E+02 1.007009E+02 
5.600507E+03 4.831014E+03 4.722425E+03 3.954607E+03 3.523401E+03 2.598784E+03 2.041054E+03 1.969183E+03 1.969138E+03 1.969127E+03 1.015628E+02 1.011161E+02 1.007528E+02 1.007392E+02 1.007122E+02 1.006244E+02 
5.697191E+03 4.606877E+03 4.606877E+03 1.868999E+02 1.298419E+02 1.024126E+02 1.017371E+02 1.016460E+02 1.016054E+02 1.015337E+02 1.012744E+02 1.010686E+02 1.010565E+02 1.006007E+02 1.005907E+02 1.005907E+02 
1.037050E+03 6.834522E+02 4.349411E+02 1.566611E+02 1.132176E+02 1.018961E+02 1.014456E+02 1.013919E+02 1.013210E+02 1.013095E+02 1.011989E+02 1.010665E+02 1.009581E+02 1.008225E+02 1.007939E+02 1.006849E+02 
4.720306E+03 4.720306E+03 4.720306E+03 4.359207E+03 4.268972E+03 3.080480E+03 1.999307E+03 1.657148E+03 1.633714E+03 3.256026E+02 3.026093E+02 3.022780E+02 3.021515E+02 3.021513E+02 3.021510E+02 3.021509E+02 
5.989645E+03 5.612623E+03 4.628378E+03 4.392651E+03 4.319557E+03 3.955595E+03 2.748988E+03 2.204414E+03 2.066638E+03 2.055763E+03 1.754580E+02 1.008431E+02 1.008397E+02 1.007966E+02 1.007430E+02 1.005483E+02 
5.850685E+03 5.507188E+03 5.363029E+03 4.141588E+03 3.594562E+03 2.753337E+03 2.279709E+03 1.975496E+03 1.880408E+03 1.866602E+03 1.864727E+03 1.010221E+02 1.010182E+02 1.009128E+02 1.007266E+02 1.006594E+02 
5.659279E+03 5.298994E+03 5.298994E+03 5.007032E+03 4.094415E+03 3.186181E+03 2.313096E+03 1.968468E+03 1.926130E+03 1.013966E+02 1.012922E+02 1.011404E+02 1.009911E+02 1.007481E+02 1.005908E+02 1.004821E+02 
1.067228E+03 1.067228E+03 3.499900E+02 1.831425E+02 1.287181E+02 1.025100E+02 1.016523E+02 1.015488E+02 1.015488E+02 1.015161E+02 1.010959E+02 1.010071E+02 1.009488E+02 1.008652E+02 1.007602E+02 1.006753E+02 
5.781590E+03 5.083618E+03 5.083618E+03 5.083618E+03 4.426092E+03 4.073007E+02 1.142824E+02 1.108072E+02 1.089482E+02 1.008314E+02 1.008203E+02 1.007738E+02 1.006043E+02 1.004307E+02 1.003964E+02 1.003964E+02 
5.088623E+03 4.678810E+03 4.631274E+03 5.958243E+02 1.476360E+02 1.119737E+02 1.020957E+02 1.018161E+02 1.016860E+02 1.016599E+02 1.011653E+02 1.009718E+02 1.008437E+02 1.007075E+02 1.005442E+02 1.005059E+02 
8.919475E+02 4.968329E+02 1.937503E+02 1.304826E+02 1.175934E+02 1.072065E+02 1.009118E+02 1.008911E+02 1.008451E+02 1.008392E+02 1.008306E+02 1.007998E+02 1.007736E+02 1.006589E+02 1.006121E+02 1.005838E+02 
4.839841E+03 4.542018E+03 4.542018E+03 4.393008E+03 4.268473E+03 3.546837E+03 2.715060E+03 2.563814E+03 2.559263E+03 2.559249E+03 2.559249E+03 2.617570E+02 2.605261E+02 2.605261E+02 2.605261E+02 2.605261E+02 
8.232352E+02 3.253950E+02 1.694398E+02 1.329282E+02 1.151934E+02 1.013256E+02 1.008367E+02 1.006801E+02 1.006696E+02 1.006534E+02 1.006463E+02 1.006444E+02 1.006444E+02 1.006015E+02 1.005859E+02 1.005409E+02 
5.783465E+03 5.783465E+03 5.251668E+03 8.711104E+02 1.424191E+02 1.112987E+02 1.013992E+02 1.013071E+02 1.012585E+02 1.012481E+02 1.012481E+02 1.012469E+02 1.011441E+02 1.011231E+02 1.004783E+02 1.003426E+02 
5.898262E+03 5.846471E+03 5.493135E+03 4.964978E+03 5.993575E+02 3.856305E+02 3.373574E+02 3.236334E+02 3.207616E+02 3.207423E+02 3.207423E+02 3.207423E+02 3.207423E+02 3.207423E+02 3.207423E+02 2.548457E+02 
4.895484E+03 4.895484E+03 4.218187E+03 4.218187E+03 2.944653E+03 2.485031E+03 1.940111E+03 1.905342E+03 1.905240E+03 1.905226E+03 1.345925E+03 1.312968E+03 1.010223E+02 1.006719E+02 1.006671E+02 1.006656E+02 
1.455952E+03 7.131251E+02 2.054375E+02 1.405758E+02 1.158523E+02 1.018769E+02 1.014925E+02 1.014130E+02 1.013723E+02 1.013137E+02 1.013137E+02 1.011638E+02 1.010130E+02 1.008840E+02 1.007224E+02 1.005999E+02 
5.028807E+03 4.968507E+03 4.968507E+03 4.920297E+03 4.920297E+03 4.912871E+03 4.568563E+03 2.335218E+03 1.680188E+03 1.539192E+03 1.502143E+03 1.413776E+03 1.413774E+03 9.780038E+02 1.007353E+02 1.004290E+02 
5.641296E+03 5.453775E+03 4.263741E+03 4.263741E+03 1.074624E+03 4.197208E+02 3.605952E+02 3.356122E+02 3.201255E+02 3.152044E+02 3.077020E+02 3.077008E+02 3.069647E+02 2.521360E+02 2.521360E+02 2.521360E+02 
5.631532E+03 5.631532E+03 4.740828E+03 4.740828E+03 3.344116E+03 2.342656E+03 1.192507E+03 8.744820E+02 8.323938E+02 8.323796E+02 8.323795E+02 8.323792E+02 8.323792E+02 8.323792E+02 8.323789E+02 1.007677E+02 
5.262098E+03 4.192501E+03 4.104038E+03 4.018890E+03 3.555786E+03 2.362434E+03 1.812944E+03 1.760834E+03 1.760738E+03 1.222855E+02 1.005902E+02 1.005808E+02 1.005778E+02 1.005365E+02 1.004814E+02 1.004467E+02 
5.234144E+03 5.234144E+03 4.893550E+03 8.538448E+02 1.546693E+02 1.197521E+02 1.018727E+02 1.017919E+02 1.017407E+02 1.016828E+02 1.016579E+02 1.007260E+02 1.006368E+02 1.006264E+02 1.006003E+02 1.005769E+02 
5.504779E+03 4.999423E+03 4.841784E+03 3.993334E+03 3.933574E+03 2.990567E+03 2.109887E+03 2.022501E+03 2.022369E+03 1.115330E+02 1.012558E+02 1.012248E+02 1.011239E+02 1.008983E+02 1.008214E+02 1.008214E+02 
