1.277412E+06 1.180752E+05 9.646441E+04 9.646441E+04 4.062398E+04 4.062398E+04 2.134689E+04 1.692204E+04 8.346096E+03 4.926979E+03 2.507954E+03 2.073283E+03 4.730060E+02 10E-8 10E-8 10E-8 
7.360108E+04 7.360108E+04 7.360108E+04 4.994247E+04 4.376905E+04 3.837370E+04 2.137840E+04 1.095569E+04 6.942970E+03 3.228864E+03 9.481249E+02 5.071998E+02 1.029257E-02 10E-8 10E-8 10E-8 
1.138180E+05 1.138180E+05 1.125813E+05 3.763080E+04 3.763080E+04 3.763080E+04 2.300040E+04 1.048480E+04 5.557595E+03 3.015203E+02 3.957165E+01 1.542359E+01 1.958397E-06 10E-8 10E-8 10E-8 
1.011551E+05 1.011551E+05 4.975506E+04 4.066909E+04 4.066909E+04 3.967955E+04 2.242199E+04 1.336532E+04 5.721065E+03 1.686234E+03 7.239335E+02 4.884525E+02 2.197573E-03 10E-8 10E-8 10E-8 
8.736817E+05 6.436839E+04 6.363576E+04 3.260653E+04 3.260653E+04 3.260653E+04 1.796477E+04 1.045096E+04 6.093923E+03 1.855096E+03 3.382284E+02 1.437796E+02 9.372705E-05 10E-8 10E-8 10E-8 
1.131695E+05 1.131695E+05 9.822976E+04 8.854496E+04 5.144084E+04 5.111344E+04 2.058684E+04 1.258671E+04 7.526132E+03 2.278013E+03 1.233721E+03 1.045864E+03 1.669776E-03 10E-8 10E-8 10E-8 
9.939052E+04 3.654852E+04 3.654852E+04 3.654852E+04 3.586204E+04 3.405054E+04 1.298497E+04 5.939761E+03 2.128343E+03 7.139031E+02 1.200796E+02 5.078605E+01 2.110927E-05 10E-8 10E-8 10E-8 
7.707633E+04 7.707633E+04 6.510483E+04 4.965447E+04 4.029059E+04 3.704763E+04 2.523942E+04 1.525704E+04 9.907463E+03 3.661067E+03 1.021045E+03 5.852529E+02 1.621945E-03 10E-8 10E-8 10E-8 
5.688861E+05 1.360114E+05 1.173144E+05 8.861867E+04 5.397493E+04 4.314772E+04 2.659612E+04 1.464985E+04 9.206142E+03 3.027423E+03 1.425500E+03 6.078473E+02 3.561305E-01 10E-8 10E-8 10E-8 
1.751567E+05 1.469738E+05 1.469738E+05 1.162588E+05 8.679703E+04 4.204555E+04 1.932939E+04 1.446815E+04 6.078417E+03 5.241752E+02 7.823907E+01 5.049007E+01 4.783672E-06 10E-8 10E-8 10E-8 
1.653965E+06 1.065816E+05 9.620225E+04 6.211314E+04 5.663698E+04 4.944906E+04 2.797521E+04 1.981710E+04 1.205458E+04 3.649777E+03 1.123411E+03 8.126210E+02 6.975139E-02 10E-8 10E-8 10E-8 
8.259823E+04 5.871065E+04 5.871065E+04 5.494014E+04 4.921419E+04 4.184436E+04 1.858330E+04 1.236179E+04 7.874814E+03 3.785558E+03 1.195273E+03 9.295868E+02 1.320209E+01 10E-8 10E-8 10E-8 
1.421677E+05 8.741845E+04 7.717267E+04 7.710550E+04 4.660889E+04 3.672933E+04 2.603515E+04 8.142845E+03 4.740554E+03 1.959888E+03 1.354113E+03 6.547464E+02 1.312798E+00 10E-8 10E-8 10E-8 
5.297652E+06 8.447271E+04 6.030297E+04 5.741998E+04 5.741998E+04 4.484466E+04 2.630919E+04 1.240013E+04 6.009024E+03 1.808695E+03 4.677021E+02 2.715339E+02 1.264105E-04 10E-8 10E-8 10E-8 
1.124517E+05 1.124517E+05 1.124517E+05 7.864843E+04 6.404614E+04 5.071005E+04 3.799777E+04 3.309329E+04 2.043601E+04 1.227932E+04 5.320148E+03 4.831735E+03 1.514303E+03 10E-8 10E-8 10E-8 
7.901520E+04 5.715424E+04 5.715424E+04 5.715424E+04 5.715424E+04 3.862489E+04 3.053662E+04 1.420411E+04 7.300217E+03 2.104449E+03 4.539497E+02 2.494305E+02 3.301308E-04 10E-8 10E-8 10E-8 
3.212088E+05 7.911710E+04 7.404863E+04 6.830141E+04 5.351793E+04 4.795192E+04 3.667269E+04 2.448401E+04 1.755518E+04 9.564578E+03 4.475054E+03 2.890458E+03 6.351144E+02 10E-8 10E-8 10E-8 
8.860610E+04 6.285966E+04 6.114418E+04 6.114418E+04 3.711519E+04 2.926992E+04 1.736036E+04 1.207707E+04 5.748902E+03 1.513575E+03 4.755680E+02 3.144193E+02 2.438583E-04 10E-8 10E-8 10E-8 
5.554253E+05 1.179339E+05 1.179339E+05 6.983850E+04 6.983850E+04 5.239420E+04 3.545298E+04 1.826009E+04 7.466101E+03 2.541523E+03 1.739472E+03 7.671897E+02 4.746119E-01 10E-8 10E-8 10E-8 
1.178551E+05 1.178551E+05 7.578061E+04 5.664805E+04 4.993889E+04 3.812989E+04 2.146132E+04 1.465348E+04 5.076639E+03 1.986032E+03 1.164889E+03 4.731131E+02 6.257790E-02 10E-8 10E-8 10E-8 
5.302849E+07 1.233271E+05 1.233271E+05 1.211023E+05 9.443565E+04 6.825555E+04 4.262402E+04 2.768348E+04 1.460881E+04 8.003704E+03 3.552166E+03 1.836083E+03 3.151767E+02 10E-8 10E-8 10E-8 
7.170085E+04 7.170085E+04 7.170085E+04 7.166847E+04 5.569069E+04 5.312122E+04 3.916569E+04 2.633544E+04 8.110636E+03 3.102920E+03 1.175282E+03 4.086065E+02 5.344523E-04 10E-8 10E-8 10E-8 
2.096282E+05 1.422274E+05 5.061856E+04 4.927884E+04 3.272705E+04 2.617585E+04 5.219053E+03 1.579383E+03 2.171467E+02 2.647774E+00 3.788432E-06 10E-8 10E-8 10E-8 10E-8 10E-8 
6.663053E+04 5.050702E+04 5.050702E+04 3.810175E+04 3.620752E+04 2.544827E+04 1.429914E+04 1.021744E+04 3.506241E+03 4.841588E+02 2.297002E+01 8.178665E+00 3.061610E-06 10E-8 10E-8 10E-8 
4.619754E+04 4.619754E+04 2.655648E+04 2.655648E+04 2.655648E+04 2.539238E+04 1.225899E+04 6.071112E+03 2.441421E+03 2.159693E+02 3.648963E+01 8.007571E+00 3.491462E-06 10E-8 10E-8 10E-8 
8.001659E+04 8.001659E+04 6.511467E+04 6.511467E+04 5.841421E+04 4.966309E+04 1.478006E+04 7.202919E+03 4.798792E+03 2.113322E+03 3.647719E+02 2.236290E+02 1.510999E-04 10E-8 10E-8 10E-8 
6.084397E+04 6.084397E+04 3.729731E+04 3.215533E+04 3.073770E+04 2.365045E+04 1.013102E+04 6.674265E+03 1.427144E+03 3.251368E+02 2.364400E+01 4.781401E+00 2.325363E-06 10E-8 10E-8 10E-8 
1.395019E+05 5.378990E+04 5.378990E+04 4.909510E+04 4.909510E+04 2.974719E+04 2.268259E+04 6.612165E+03 2.129801E+03 3.844998E+02 5.016430E+01 1.267877E+01 4.792108E-06 10E-8 10E-8 10E-8 
1.371386E+06 9.724635E+04 6.342637E+04 5.022284E+04 3.429208E+04 3.040144E+04 1.873900E+04 1.262819E+04 7.916146E+03 5.029562E+03 1.520375E+03 7.576925E+02 5.628028E-04 10E-8 10E-8 10E-8 
9.281315E+04 9.281315E+04 9.259915E+04 9.217652E+04 4.843036E+04 4.081745E+04 1.655715E+04 1.173321E+04 6.315396E+03 1.716661E+03 7.890498E+02 1.920317E+02 2.229045E-03 10E-8 10E-8 10E-8 
