7.871814E+03 7.541827E+03 5.898717E+03 3.003998E+03 2.458940E+03 1.766150E+03 1.300713E+03 9.773939E+02 6.178964E+02 3.477757E+02 3.000270E+02 3.000005E+02 3.000001E+02 3.000001E+02 3.000001E+02 3.000001E+02 
6.246149E+03 5.626451E+03 4.851407E+03 4.125186E+03 2.900128E+03 1.631446E+03 9.608420E+02 8.473188E+02 7.693782E+02 7.025453E+02 6.504457E+02 5.979518E+02 4.000026E+02 4.000001E+02 4.000001E+02 4.000001E+02 
7.084409E+03 7.084409E+03 5.220470E+03 2.917950E+03 2.097615E+03 1.462038E+03 9.642694E+02 7.174827E+02 4.066524E+02 3.002726E+02 3.000306E+02 3.000004E+02 3.000001E+02 3.000001E+02 3.000001E+02 3.000001E+02 
5.584503E+03 5.382270E+03 3.471635E+03 2.427038E+03 1.857823E+03 1.223722E+03 8.314798E+02 7.040694E+02 5.361437E+02 4.228291E+02 4.001136E+02 4.000001E+02 4.000000E+02 4.000000E+02 4.000000E+02 4.000000E+02 
8.043401E+03 7.452860E+03 6.319804E+03 4.058770E+03 1.918247E+03 9.793786E+02 7.057736E+02 6.317306E+02 5.110764E+02 4.226179E+02 4.000039E+02 4.000001E+02 4.000000E+02 4.000000E+02 4.000000E+02 4.000000E+02 
5.413868E+03 4.591269E+03 3.462896E+03 1.909155E+03 1.223784E+03 7.965491E+02 7.505217E+02 7.161210E+02 6.959306E+02 6.728835E+02 6.295492E+02 6.153295E+02 4.000006E+02 4.000001E+02 4.000001E+02 4.000001E+02 
6.701237E+03 6.284292E+03 4.473903E+03 3.922336E+03 2.694885E+03 1.382428E+03 8.535397E+02 6.264835E+02 3.682115E+02 3.002978E+02 3.000291E+02 3.000004E+02 3.000001E+02 3.000001E+02 3.000001E+02 3.000001E+02 
4.816719E+03 3.400012E+03 3.170798E+03 2.460252E+03 2.004035E+03 1.637970E+03 1.363306E+03 1.016320E+03 5.923319E+02 3.438139E+02 3.000281E+02 3.000005E+02 3.000001E+02 3.000001E+02 3.000001E+02 3.000001E+02 
6.747923E+03 6.714094E+03 4.752767E+03 3.320823E+03 1.858689E+03 1.258954E+03 7.487365E+02 4.853700E+02 3.016724E+02 3.002805E+02 3.000263E+02 3.000004E+02 3.000001E+02 3.000001E+02 3.000001E+02 3.000001E+02 
7.311315E+03 7.101306E+03 5.445837E+03 3.444446E+03 2.408825E+03 1.509872E+03 8.372525E+02 6.498045E+02 3.531501E+02 3.002472E+02 3.000287E+02 3.000004E+02 3.000001E+02 3.000001E+02 3.000001E+02 3.000001E+02 
6.545190E+03 6.508911E+03 3.986548E+03 3.504424E+03 1.622271E+03 9.794195E+02 7.454726E+02 7.265594E+02 7.014802E+02 6.752331E+02 6.518283E+02 6.367517E+02 4.000005E+02 4.000001E+02 4.000001E+02 4.000001E+02 
6.503546E+03 5.982582E+03 4.526493E+03 3.229953E+03 2.579140E+03 2.430821E+03 2.325807E+03 2.135887E+03 1.830823E+03 1.363806E+03 1.070791E+03 9.228149E+02 6.827391E+02 4.492076E+02 4.000002E+02 4.000002E+02 
6.978386E+03 5.182012E+03 4.036302E+03 2.061400E+03 1.450024E+03 1.063932E+03 6.922148E+02 4.281865E+02 1.055338E+02 2.995905E-01 3.541487E-02 4.823839E-04 1.128414E-04 8.402553E-05 8.402553E-05 8.402553E-05 
7.829605E+03 7.829605E+03 6.207006E+03 4.688268E+03 2.045504E+03 1.291805E+03 8.315879E+02 6.159260E+02 3.344804E+02 3.002866E+02 3.000274E+02 3.000004E+02 3.000001E+02 3.000001E+02 3.000001E+02 3.000001E+02 
8.083663E+03 6.113211E+03 4.893007E+03 3.263894E+03 1.892004E+03 1.082397E+03 8.940240E+02 8.114158E+02 6.170491E+02 4.271775E+02 4.021580E+02 4.000001E+02 4.000000E+02 4.000000E+02 4.000000E+02 4.000000E+02 
7.733118E+03 7.106623E+03 4.953519E+03 4.218718E+03 2.794003E+03 1.512805E+03 7.331178E+02 4.948835E+02 3.067434E+02 3.002833E+02 3.000290E+02 3.000005E+02 3.000001E+02 3.000001E+02 3.000001E+02 3.000001E+02 
9.419283E+03 7.945366E+03 6.605066E+03 5.415474E+03 2.936763E+03 1.029058E+03 8.011882E+02 7.303421E+02 6.748827E+02 5.909898E+02 5.016883E+02 4.718459E+02 4.000028E+02 4.000001E+02 4.000001E+02 4.000001E+02 
7.734543E+03 6.689890E+03 6.024405E+03 3.763021E+03 2.650118E+03 1.666397E+03 1.115174E+03 8.139712E+02 4.637228E+02 3.002721E+02 3.000279E+02 3.000005E+02 3.000001E+02 3.000001E+02 3.000001E+02 3.000001E+02 
8.330477E+03 7.064375E+03 4.942386E+03 2.874307E+03 2.343180E+03 1.107305E+03 8.578744E+02 7.667328E+02 7.257690E+02 7.083373E+02 7.031533E+02 6.991836E+02 6.138692E+02 4.000002E+02 4.000002E+02 4.000002E+02 
5.086305E+03 4.514679E+03 2.812870E+03 2.524320E+03 2.069578E+03 1.134182E+03 7.602761E+02 5.630717E+02 3.335574E+02 3.002511E+02 3.000212E+02 3.000005E+02 3.000001E+02 3.000001E+02 3.000001E+02 3.000001E+02 
7.120943E+03 5.809234E+03 4.987364E+03 4.551242E+03 2.891556E+03 1.620725E+03 1.000889E+03 6.566414E+02 3.630935E+02 3.002994E+02 3.000284E+02 3.000004E+02 3.000001E+02 3.000001E+02 3.000001E+02 3.000001E+02 
8.134990E+03 5.419449E+03 4.566775E+03 3.192646E+03 1.717780E+03 1.083135E+03 9.151353E+02 8.460735E+02 7.054200E+02 5.798547E+02 5.311026E+02 4.977699E+02 4.000015E+02 4.000001E+02 4.000001E+02 4.000001E+02 
1.036958E+04 6.191380E+03 6.191380E+03 4.955961E+03 3.754048E+03 2.025502E+03 1.045278E+03 7.207505E+02 4.076941E+02 3.002599E+02 3.000283E+02 3.000004E+02 3.000001E+02 3.000001E+02 3.000001E+02 3.000001E+02 
8.120645E+03 5.973046E+03 5.166317E+03 3.837115E+03 2.464232E+03 1.504893E+03 1.054099E+03 7.274799E+02 3.640866E+02 3.002616E+02 3.000203E+02 3.000004E+02 3.000001E+02 3.000001E+02 3.000001E+02 3.000001E+02 
8.235649E+03 8.138068E+03 6.240054E+03 4.960902E+03 3.265524E+03 2.171190E+03 1.171763E+03 6.245716E+02 3.554287E+02 3.002578E+02 3.000308E+02 3.000005E+02 3.000001E+02 3.000001E+02 3.000001E+02 3.000001E+02 
8.965800E+03 6.851367E+03 4.448174E+03 3.458293E+03 2.732035E+03 1.559483E+03 1.038323E+03 8.212468E+02 4.694104E+02 3.002858E+02 3.000269E+02 3.000005E+02 3.000001E+02 3.000001E+02 3.000001E+02 3.000001E+02 
9.519961E+03 7.229297E+03 4.721446E+03 3.865515E+03 2.978812E+03 1.564736E+03 1.036413E+03 8.461837E+02 5.327444E+02 3.140762E+02 3.000299E+02 3.000004E+02 3.000001E+02 3.000001E+02 3.000001E+02 3.000001E+02 
9.198177E+03 7.763721E+03 4.608877E+03 2.864804E+03 2.048953E+03 1.417878E+03 1.159384E+03 9.033819E+02 4.830040E+02 3.003592E+02 3.000269E+02 3.000004E+02 3.000001E+02 3.000001E+02 3.000001E+02 3.000001E+02 
9.779392E+03 7.511144E+03 4.243106E+03 3.595062E+03 2.024684E+03 1.091814E+03 8.011571E+02 7.097520E+02 5.666299E+02 4.476562E+02 4.039672E+02 4.000652E+02 4.000015E+02 4.000001E+02 4.000001E+02 4.000001E+02 
7.663829E+03 7.270706E+03 6.133717E+03 5.066827E+03 3.056667E+03 1.564047E+03 9.577054E+02 7.607344E+02 5.638282E+02 4.202351E+02 4.000049E+02 4.000001E+02 4.000000E+02 4.000000E+02 4.000000E+02 4.000000E+02 
