2.580439E+03 1.482300E+03 1.272604E+03 5.297255E+02 3.754943E+02 1.907773E+02 5.918962E+01 2.674422E+01 2.414389E+01 2.413591E+01 2.413402E+01 2.413366E+01 2.413360E+01 2.531844E+00 2.523425E+00 9.983167E-01 
1.271307E+03 5.450500E+02 3.468944E+02 1.881557E+02 1.881557E+02 1.881557E+02 6.351405E+01 2.220512E+01 1.529431E+01 1.522182E+01 1.500844E+01 1.500101E+01 1.500095E+01 3.792054E+00 3.789163E+00 1.792091E-01 
2.133354E+03 2.133354E+03 1.846748E+03 8.032134E+02 4.824821E+02 2.339824E+02 1.403625E+02 9.986360E+01 9.661615E+01 9.659587E+01 9.659080E+01 9.658997E+01 9.658990E+01 3.296734E+01 2.239154E+01 4.463086E+00 
2.854016E+03 1.656095E+03 9.481847E+02 8.190226E+02 4.395616E+02 8.744096E+01 2.874023E+01 6.029548E+00 5.308895E+00 5.000565E+00 5.000079E+00 4.999997E+00 4.999983E+00 2.638389E+00 2.636395E+00 8.962777E-02 
2.411835E+03 1.992570E+03 1.428332E+03 1.291198E+03 1.003648E+03 4.381402E+02 2.476230E+02 2.163424E+02 1.634406E+02 1.539101E+02 1.538740E+02 1.538644E+02 1.538626E+02 1.538625E+02 9.067733E+01 8.131355E+00 
2.357220E+03 2.357220E+03 2.357220E+03 1.349242E+03 1.152042E+03 2.726899E+02 4.856557E+01 3.172814E+01 2.616570E+01 2.588669E+01 2.588440E+01 2.588401E+01 2.588399E+01 3.589956E+00 3.586665E+00 1.489487E-04 
1.148183E+03 3.723986E+02 3.723986E+02 3.723986E+02 9.949853E+01 5.988532E+01 2.469466E+01 1.419741E+01 1.362870E+01 1.361168E+01 1.360962E+01 1.360929E+01 1.360927E+01 4.861730E+00 4.860666E+00 9.981764E-01 
1.539020E+03 7.150180E+02 7.150180E+02 2.234622E+02 8.962224E+01 8.962224E+01 1.538923E+01 8.394779E+00 7.824962E+00 7.791346E+00 7.790634E+00 7.790558E+00 7.790538E+00 3.907527E+00 3.905616E+00 3.816088E+00 
2.230707E+03 2.230707E+03 7.489011E+02 5.059780E+02 3.193517E+02 6.117168E+01 8.182357E+00 5.530381E+00 5.509097E+00 5.508492E+00 5.508036E+00 5.507822E+00 5.507810E+00 3.625961E+00 3.625450E+00 1.790566E-01 
9.472852E+02 9.472852E+02 2.629854E+02 2.629854E+02 1.933734E+02 6.755253E+01 3.272804E+01 2.954866E+01 2.848635E+01 2.844587E+01 2.844120E+01 2.844057E+01 2.844040E+01 1.055447E+01 1.045394E+01 2.687279E-01 
1.660445E+03 1.364482E+03 7.713444E+02 3.290502E+02 3.119070E+02 2.052530E+02 6.028137E+01 3.092922E+01 3.027550E+01 3.025495E+01 3.024141E+01 3.023947E+01 3.023923E+01 1.822362E-01 1.790565E-01 1.790565E-01 
1.730185E+03 1.730185E+03 1.030850E+03 4.461543E+02 2.254782E+02 1.086155E+02 3.750365E+01 3.189985E+01 3.102914E+01 3.097943E+01 3.097420E+01 3.097362E+01 3.097357E+01 1.706168E+00 1.704306E+00 8.961823E-02 
9.239508E+02 9.239508E+02 9.239508E+02 6.380764E+02 2.936783E+02 1.080332E+02 5.882414E+01 3.437424E+01 3.268383E+01 3.267964E+01 3.267744E+01 3.267713E+01 3.267710E+01 6.337768E+00 6.335577E+00 6.333806E-01 
2.226411E+03 1.451817E+03 1.115201E+03 3.478340E+02 2.434395E+02 1.501749E+02 3.595892E+01 1.439954E+01 1.415985E+01 1.415462E+01 1.415395E+01 1.415363E+01 1.415361E+01 7.231742E-01 7.229088E-01 8.959671E-02 
1.919978E+03 4.173252E+02 4.173252E+02 4.173252E+02 1.890496E+02 9.131703E+01 2.449396E+01 6.340805E+00 6.249902E+00 5.946279E+00 5.945204E+00 5.945116E+00 5.945101E+00 3.302777E+00 3.302045E+00 9.982742E-01 
7.730078E+02 5.240887E+02 4.037864E+02 3.263778E+02 1.863669E+02 4.061914E+01 1.309245E+01 7.127816E+00 7.078323E+00 7.075550E+00 7.075162E+00 7.075019E+00 7.075006E+00 4.804601E+00 4.803407E+00 9.982399E-01 
1.774428E+03 1.774428E+03 1.035675E+03 4.827478E+02 3.496463E+02 5.900219E+01 3.425251E+01 1.268185E+01 1.000893E+01 1.000150E+01 9.999792E+00 9.999654E+00 9.999617E+00 9.999616E+00 9.999616E+00 8.124371E-01 
7.651366E+02 7.651366E+02 7.651366E+02 7.570582E+02 3.957935E+02 1.813172E+02 2.697620E+01 1.131715E+01 9.553510E+00 9.543414E+00 9.542603E+00 9.542463E+00 9.542442E+00 9.014296E-02 8.952829E-02 1.128502E-07 
1.471618E+03 9.347570E+02 9.345324E+02 5.490283E+02 2.307824E+02 9.409808E+01 2.371159E+01 1.025208E+01 9.983113E+00 9.889285E+00 9.887413E+00 9.887009E+00 9.886996E+00 3.611936E+00 3.611109E+00 3.611109E+00 
1.565055E+03 1.565055E+03 7.081877E+02 3.050546E+02 3.050546E+02 1.244827E+02 2.921262E+01 2.203522E+01 2.021225E+01 1.822554E+01 1.822327E+01 1.822278E+01 1.822276E+01 1.455321E+00 1.452500E+00 1.072113E-04 
1.402956E+03 1.402956E+03 5.922740E+02 3.583583E+02 3.583583E+02 5.241830E+01 3.132062E+01 1.576984E+01 1.534128E+01 1.533388E+01 1.533350E+01 1.533332E+01 1.533331E+01 9.098684E-01 9.086481E-01 9.086481E-01 
1.920587E+03 1.920587E+03 5.654558E+02 3.112562E+02 3.052498E+02 1.288331E+02 4.923247E+01 3.158634E+01 3.097117E+01 3.096197E+01 3.096145E+01 3.096124E+01 3.096121E+01 2.428784E+01 1.795959E+01 4.216662E+00 
9.928728E+02 9.191086E+02 6.917556E+02 2.768363E+02 1.500645E+02 4.680102E+01 7.411929E+00 1.917884E+00 1.819051E+00 1.817728E+00 1.817360E+00 1.817307E+00 1.817296E+00 1.796201E-01 1.790565E-01 1.790565E-01 
3.092350E+03 2.747238E+03 1.411972E+03 6.357252E+02 1.827980E+02 9.213480E+01 9.101656E+00 7.532359E+00 7.500135E+00 7.497566E+00 7.496739E+00 7.496478E+00 7.496462E+00 7.496461E+00 7.496461E+00 3.455493E+00 
1.911663E+03 1.109741E+03 4.797023E+02 3.296293E+02 1.731351E+02 1.034709E+02 3.463698E+01 7.123602E+00 6.772902E+00 6.768814E+00 6.768445E+00 6.768393E+00 6.768383E+00 9.037470E-02 8.952829E-02 8.952826E-02 
1.094805E+03 9.161561E+02 8.662662E+02 2.824444E+02 1.007468E+02 3.304090E+01 8.407605E+00 7.264540E+00 7.248523E+00 7.246159E+00 7.244941E+00 7.244685E+00 7.244657E+00 9.098188E-01 9.086481E-01 9.086481E-01 
1.487506E+03 1.487506E+03 6.727510E+02 6.010943E+02 5.913498E+02 2.208203E+02 7.028214E+01 4.946980E+01 4.778028E+01 4.766552E+01 4.765349E+01 4.765121E+01 4.765105E+01 3.877292E+00 3.090719E+00 2.182071E+00 
1.524037E+03 9.790593E+02 8.155122E+02 3.486601E+02 1.479138E+02 9.450022E+01 6.459232E+01 4.326795E+01 4.258541E+01 4.241657E+01 4.239356E+01 4.239274E+01 4.239269E+01 1.723301E+01 1.678792E+01 1.542029E+00 
3.115819E+03 3.115819E+03 1.609359E+03 1.151919E+03 7.696192E+02 5.858712E+02 1.084832E+02 6.726694E+01 5.120460E+01 5.081972E+01 5.080863E+01 5.080789E+01 5.080774E+01 3.256041E+01 2.900742E+01 4.088874E+00 
1.025483E+03 1.025483E+03 6.727550E+02 6.227972E+02 3.112901E+02 6.601571E+01 5.683725E+01 5.296873E+01 5.273717E+01 5.268027E+01 5.267847E+01 5.267789E+01 5.267785E+01 6.104910E+00 6.087687E+00 1.087705E+00 
