1.106298E+02 1.002211E+02 8.535548E+01 6.097358E+01 5.603787E+01 4.476490E+01 2.851106E+01 2.619244E+01 2.591807E+01 2.586882E+01 2.583733E+01 2.582708E+01 2.581352E+01 2.581037E+01 2.579308E+01 2.573150E+01 
1.069131E+02 8.242375E+01 8.242375E+01 8.242375E+01 8.044285E+01 4.798380E+01 3.033229E+01 2.154865E+01 2.138981E+01 2.125779E+01 2.118507E+01 2.116512E+01 1.305596E+01 1.235193E+01 1.207865E+01 8.688402E+00 
1.088965E+02 7.346638E+01 7.346638E+01 6.278661E+01 6.182302E+01 3.533591E+01 2.758299E+01 2.590706E+01 2.576964E+01 2.568332E+01 2.555898E+01 2.552996E+01 2.539766E+01 2.538874E+01 2.538691E+01 2.538689E+01 
1.023262E+02 9.518592E+01 8.085003E+01 6.508524E+01 5.336538E+01 3.681346E+01 2.358561E+01 1.903106E+01 1.864461E+01 1.854432E+01 1.841635E+01 1.840051E+01 1.062397E+01 1.015880E+01 9.998196E+00 9.998122E+00 
1.255970E+02 9.477050E+01 8.417737E+01 7.377460E+01 6.293174E+01 4.873039E+01 3.586259E+01 2.864965E+01 2.854674E+01 2.852989E+01 2.848330E+01 1.856699E+01 1.839581E+01 1.429337E+01 1.422524E+01 1.422504E+01 
1.084522E+02 9.691780E+01 7.295740E+01 6.938229E+01 5.557287E+01 3.829926E+01 2.438557E+01 1.994439E+01 1.970114E+01 1.966554E+01 1.962708E+01 1.962443E+01 1.962382E+01 1.230574E+01 1.230455E+01 1.230455E+01 
9.150079E+01 9.150079E+01 8.928147E+01 7.888099E+01 5.081389E+01 3.611111E+01 2.035609E+01 1.783946E+01 1.760405E+01 1.757827E+01 1.757322E+01 1.757296E+01 1.757293E+01 9.399805E+00 9.119173E+00 9.119173E+00 
1.051277E+02 1.051277E+02 9.170294E+01 8.630279E+01 6.960073E+01 5.293839E+01 3.696502E+01 2.906992E+01 2.787868E+01 2.744596E+01 2.722441E+01 1.232448E+01 8.868603E+00 4.553761E+00 4.371340E+00 2.008863E+00 
1.391645E+02 1.272067E+02 1.049676E+02 6.999792E+01 6.509558E+01 3.780553E+01 3.100884E+01 2.621113E+01 2.589847E+01 2.582574E+01 2.579233E+01 2.576080E+01 2.575260E+01 2.575114E+01 2.573527E+01 2.573166E+01 
1.212494E+02 1.081775E+02 1.081775E+02 6.263781E+01 5.924193E+01 4.708392E+01 3.998335E+01 2.939193E+01 2.820038E+01 2.766142E+01 2.759016E+01 2.757964E+01 2.757289E+01 2.757252E+01 2.048684E+01 1.282939E+01 
1.075582E+02 9.619876E+01 9.226710E+01 8.719026E+01 6.379545E+01 3.778873E+01 2.149482E+01 1.435829E+01 1.387723E+01 1.387237E+01 1.387101E+01 1.386988E+01 1.386899E+01 1.386821E+01 5.378160E+00 5.378079E+00 
1.100474E+02 9.941960E+01 9.941960E+01 7.673622E+01 5.869108E+01 5.080248E+01 3.106532E+01 2.356272E+01 2.128276E+01 2.110712E+01 2.107725E+01 2.107476E+01 1.609837E+01 1.583882E+01 9.666717E+00 9.637379E+00 
1.137419E+02 8.916251E+01 8.589448E+01 8.484651E+01 5.507138E+01 4.374780E+01 3.093703E+01 2.889256E+01 2.875144E+01 2.864789E+01 2.862842E+01 2.861746E+01 2.860651E+01 2.859640E+01 6.995105E+00 4.223232E+00 
9.082281E+01 9.082281E+01 8.061137E+01 6.342727E+01 4.707466E+01 3.642907E+01 3.036021E+01 2.530799E+01 2.525433E+01 2.523414E+01 2.518090E+01 1.194722E+01 6.865001E+00 6.839087E+00 6.836933E+00 3.357522E+00 
1.274724E+02 1.105267E+02 9.052714E+01 6.148994E+01 4.539117E+01 2.880936E+01 2.277919E+01 1.780711E+01 1.775072E+01 1.773048E+01 1.771803E+01 1.327398E+01 1.307244E+01 1.302573E+01 1.302563E+01 8.896510E+00 
8.380057E+01 8.380057E+01 7.221031E+01 6.664709E+01 4.116650E+01 3.818909E+01 2.286359E+01 2.162520E+01 2.146860E+01 2.137202E+01 2.106968E+01 2.099900E+01 2.050303E+01 1.282460E+01 1.256900E+01 7.873607E+00 
9.774666E+01 9.774666E+01 9.444742E+01 8.297870E+01 5.938051E+01 3.817767E+01 2.624338E+01 2.249867E+01 2.209676E+01 2.147396E+01 2.101532E+01 2.095032E+01 1.520571E+01 1.422349E+01 1.139129E+01 9.205658E+00 
1.083841E+02 1.083841E+02 7.637095E+01 7.637095E+01 6.153695E+01 4.445231E+01 3.411955E+01 2.955146E+01 2.905118E+01 2.900171E+01 2.898888E+01 2.898770E+01 2.693831E+01 1.629581E+01 1.616474E+01 9.935787E+00 
1.121941E+02 8.350467E+01 8.167084E+01 5.543069E+01 4.669530E+01 3.656961E+01 2.490318E+01 2.208946E+01 2.188430E+01 2.184413E+01 2.183128E+01 1.660679E+01 1.581579E+01 1.573376E+01 1.359564E+01 1.023031E+01 
9.063555E+01 9.063555E+01 8.073805E+01 8.043279E+01 7.788828E+01 6.723412E+01 5.529195E+01 4.244031E+01 4.141772E+01 4.138946E+01 4.137773E+01 1.643869E+01 1.631718E+01 1.628139E+01 1.627033E+01 1.627021E+01 
1.041900E+02 9.245253E+01 9.245253E+01 8.039904E+01 7.435773E+01 4.893008E+01 2.756930E+01 2.030973E+01 1.970794E+01 1.910268E+01 1.892026E+01 1.528174E+01 9.298860E+00 8.907464E+00 8.905533E+00 8.905478E+00 
1.180915E+02 1.022394E+02 9.146480E+01 5.997639E+01 5.715188E+01 4.095180E+01 3.082247E+01 2.577175E+01 2.574097E+01 2.570679E+01 2.564843E+01 2.562117E+01 8.605463E+00 8.554573E+00 3.770344E+00 2.139323E+00 
7.937542E+01 7.158575E+01 7.158575E+01 5.907032E+01 5.339217E+01 3.435961E+01 2.163427E+01 2.004214E+01 1.985718E+01 1.979229E+01 1.975804E+01 1.975184E+01 1.975184E+01 1.094340E+01 7.517255E+00 7.516995E+00 
1.012085E+02 7.962062E+01 7.962062E+01 6.671221E+01 4.962304E+01 3.827232E+01 3.233487E+01 2.897776E+01 2.749479E+01 2.711442E+01 2.702516E+01 2.694965E+01 2.650985E+01 1.897869E+01 1.897141E+01 1.315242E+01 
9.377877E+01 8.320543E+01 6.624646E+01 6.311904E+01 5.643764E+01 4.777374E+01 2.956255E+01 2.439478E+01 2.416172E+01 2.409978E+01 2.406038E+01 2.404818E+01 2.403023E+01 2.304326E+01 2.231501E+01 8.409264E+00 
7.642625E+01 7.642625E+01 6.332842E+01 4.833675E+01 4.175694E+01 3.740201E+01 2.416620E+01 2.129120E+01 2.008826E+01 1.903302E+01 1.867254E+01 1.858336E+01 8.932403E+00 8.307742E+00 5.257993E+00 3.579699E+00 
8.134791E+01 7.262454E+01 6.408543E+01 4.600922E+01 3.511691E+01 1.936442E+01 1.639807E+01 1.479378E+01 1.467069E+01 1.459972E+01 1.418090E+01 1.414239E+01 1.413153E+01 1.413151E+01 1.062948E+01 1.059318E+01 
1.062768E+02 8.246241E+01 8.144833E+01 5.620881E+01 4.448975E+01 3.748580E+01 2.095476E+01 1.704808E+01 1.633140E+01 1.629555E+01 1.622375E+01 1.614237E+01 1.612282E+01 1.193538E+01 8.876051E+00 8.874158E+00 
1.127889E+02 1.018059E+02 6.468898E+01 5.092388E+01 4.827397E+01 3.552832E+01 2.797879E+01 2.208384E+01 2.120868E+01 2.096878E+01 2.090182E+01 2.085043E+01 2.085043E+01 2.085029E+01 2.085029E+01 1.188730E+01 
1.070079E+02 9.939786E+01 8.319713E+01 5.634683E+01 4.231274E+01 2.316654E+01 1.905241E+01 1.303029E+01 1.296520E+01 1.295438E+01 1.291609E+01 1.288698E+01 1.281525E+01 1.279185E+01 7.172622E+00 5.115577E+00 
