1.591026E+09 7.219186E+08 4.264309E+08 1.618067E+08 4.080045E+07 1.344079E+07 3.314031E+05 2.356374E+04 2.312516E+04 2.304570E+04 2.296736E+04 1.987685E+04 1.984789E+04 1.061755E+04 2.753453E+03 1.781005E+02 
2.138536E+09 2.121574E+09 1.668767E+09 5.612559E+08 7.266048E+07 1.809508E+06 1.157144E+04 1.044450E+04 1.037998E+04 1.026785E+04 2.972913E+03 1.267462E+02 1.247723E+02 1.210728E+02 1.026905E+02 8.964972E+01 
1.009016E+10 4.069433E+09 1.828938E+09 9.334955E+08 2.137247E+08 1.563468E+07 9.030774E+03 7.308408E+02 4.693495E+02 3.961235E+02 3.875781E+02 3.064432E+02 3.049997E+02 1.247068E+02 1.052213E+02 9.901600E+01 
2.432163E+09 2.432163E+09 7.263109E+08 3.481961E+08 4.828795E+07 1.160528E+06 2.473642E+03 1.173307E+03 8.101138E+02 7.378389E+02 7.265482E+02 3.277186E+02 3.051459E+02 2.988718E+02 2.954651E+02 2.670396E+02 
4.088522E+09 2.399925E+09 1.770319E+09 6.832794E+08 8.420420E+07 6.748466E+06 9.536917E+03 1.872566E+03 1.412891E+03 1.294198E+03 1.286591E+03 2.773274E+02 2.750958E+02 2.654312E+02 2.331127E+02 2.221218E+02 
2.727107E+09 2.610805E+09 1.781052E+09 1.023365E+09 9.506452E+07 5.421254E+05 4.940028E+03 3.731201E+03 3.320442E+03 3.189986E+03 4.995154E+02 2.294523E+02 2.279599E+02 2.157586E+02 1.978041E+02 1.903072E+02 
2.624328E+09 1.740791E+09 1.262256E+09 2.740149E+08 6.531869E+07 1.180075E+06 2.389464E+04 1.873570E+04 1.867657E+04 1.854870E+04 1.758736E+04 9.735113E+03 9.719457E+03 4.657636E+03 2.826926E+03 2.503294E+02 
3.074416E+09 2.223889E+09 5.795385E+08 1.183118E+08 3.760787E+07 9.300727E+06 1.539848E+05 2.375665E+04 2.337859E+04 2.326609E+04 1.483018E+04 1.155551E+04 1.153678E+04 6.212415E+02 2.685226E+02 2.398959E+02 
4.496490E+09 4.440727E+09 6.789533E+08 4.265627E+08 9.833534E+07 8.626592E+06 2.786928E+04 1.910383E+04 1.860658E+04 1.846482E+04 1.830458E+04 5.474594E+03 5.460402E+03 4.693667E+03 6.190918E+02 1.403597E+02 
5.332824E+09 3.968251E+09 1.203151E+09 7.353534E+08 1.586989E+08 4.399820E+06 9.985269E+03 4.788100E+03 4.286452E+03 4.157507E+03 4.148439E+03 1.956389E+02 1.923531E+02 1.230904E+02 9.883125E+01 9.425747E+01 
3.673543E+09 3.401938E+09 6.094435E+08 1.733089E+08 3.808264E+07 2.270868E+06 7.617462E+03 4.121760E+03 3.841878E+03 3.773166E+03 3.761400E+03 1.292238E+02 1.272980E+02 1.146884E+02 1.080731E+02 8.650778E+01 
2.877003E+09 1.698729E+09 1.282496E+09 2.766153E+08 3.283788E+07 2.377472E+06 1.019992E+04 6.282518E+03 5.992530E+03 5.886734E+03 3.986072E+03 1.535878E+02 1.490346E+02 1.025080E+02 7.552088E+01 5.407621E+01 
2.912771E+09 2.043464E+09 7.426243E+08 4.733407E+08 6.795534E+07 6.432082E+06 3.584959E+03 1.681567E+03 9.290928E+02 8.530656E+02 8.454307E+02 2.604380E+02 2.581586E+02 2.416968E+02 2.214533E+02 2.164505E+02 
3.075479E+09 1.770937E+09 8.888018E+08 1.782055E+08 1.154687E+07 1.483382E+06 4.789199E+03 1.713376E+03 1.167216E+03 1.085042E+03 1.076526E+03 6.570231E+02 6.299033E+02 3.326290E+02 2.202451E+02 1.299928E+02 
3.854884E+09 3.440574E+09 1.777775E+09 2.901536E+08 1.260703E+08 3.351598E+06 8.352305E+03 2.046715E+03 1.874005E+03 1.687421E+03 1.681728E+03 1.290782E+02 1.219649E+02 1.187918E+02 1.134932E+02 1.107896E+02 
4.720463E+09 3.534248E+09 1.851831E+09 5.649344E+08 5.601186E+07 2.154695E+07 1.869639E+04 7.658662E+02 3.794415E+02 3.413294E+02 3.290814E+02 2.440766E+02 2.370343E+02 1.744615E+02 1.657660E+02 1.408084E+02 
5.228102E+09 2.778995E+09 7.418770E+08 4.296242E+08 1.497611E+08 6.161882E+06 1.239489E+04 7.385309E+03 7.022795E+03 6.887784E+03 6.865741E+03 1.634725E+03 1.592513E+03 2.767636E+02 2.321161E+02 1.683138E+02 
3.583460E+09 7.629716E+08 3.591862E+08 3.326793E+08 3.157514E+08 1.968835E+08 6.525639E+06 2.384837E+04 2.357873E+04 2.350759E+04 2.074772E+04 1.673458E+04 1.671560E+04 1.020509E+04 3.267518E+02 3.173446E+02 
5.020506E+09 2.164699E+09 8.319986E+08 1.558152E+08 3.549638E+07 1.892069E+06 4.123646E+03 1.427655E+03 1.233419E+03 1.203593E+03 1.193644E+03 2.402266E+02 2.359713E+02 1.821971E+02 1.261014E+02 1.104727E+02 
1.642829E+09 1.642829E+09 5.790171E+08 4.160559E+08 9.980598E+07 2.286238E+06 1.744832E+04 4.730457E+03 4.179149E+03 4.081460E+03 4.067530E+03 4.650275E+02 4.568858E+02 1.766019E+02 1.686354E+02 1.498020E+02 
3.375532E+09 8.878662E+08 1.982766E+08 6.107093E+07 2.675072E+07 1.149031E+06 2.477843E+04 2.410730E+04 2.371294E+04 2.355024E+04 2.007035E+04 5.464900E+03 5.186622E+03 5.342966E+02 3.992207E+02 3.493463E+02 
3.096820E+09 2.089749E+09 1.321069E+09 2.767118E+08 5.537027E+07 1.026513E+06 7.997120E+03 4.731023E+03 4.088857E+03 3.987235E+03 3.972032E+03 1.913460E+03 1.903934E+03 1.352483E+02 1.093023E+02 9.851369E+01 
2.850034E+09 2.850034E+09 1.006629E+09 5.206273E+08 8.473404E+07 1.653476E+06 5.748800E+03 6.971900E+02 3.785630E+02 2.455990E+02 2.414857E+02 1.747340E+02 1.744910E+02 1.654879E+02 1.572453E+02 1.373465E+02 
4.035773E+09 3.095747E+09 8.812371E+08 5.174596E+08 5.489023E+07 2.515681E+06 7.360090E+03 1.145831E+03 8.351701E+02 7.484077E+02 7.385722E+02 2.305695E+02 2.269598E+02 2.252221E+02 2.059345E+02 1.978245E+02 
7.360335E+09 3.345034E+09 2.183712E+09 3.962504E+08 1.294643E+08 6.828361E+06 5.263594E+03 4.158974E+03 3.597237E+03 3.514205E+03 3.507962E+03 1.775167E+03 1.762561E+03 7.857105E+02 1.196123E+02 1.030524E+02 
2.089484E+09 1.427013E+09 6.320136E+08 2.044133E+08 4.785561E+07 8.504289E+05 7.496355E+03 5.261481E+03 4.688858E+03 4.648745E+03 4.133995E+03 1.511752E+02 1.503074E+02 1.463554E+02 1.440012E+02 1.377939E+02 
5.652484E+09 4.092416E+09 6.494860E+08 1.807804E+08 5.978137E+07 5.622604E+06 3.032854E+04 2.268278E+04 2.222740E+04 2.214991E+04 2.027134E+04 1.681101E+04 1.677748E+04 5.861267E+03 4.007491E+02 3.318354E+02 
3.388793E+09 2.183130E+09 1.927590E+09 4.265873E+08 1.713507E+08 7.632759E+06 6.000632E+03 5.457378E+02 2.365233E+02 1.525449E+02 1.455923E+02 1.351431E+02 1.327130E+02 1.241562E+02 1.074528E+02 9.366812E+01 
2.169025E+09 1.905173E+09 1.002886E+09 1.684461E+08 6.251097E+07 2.135808E+06 4.577738E+03 1.032376E+03 6.579026E+02 5.665641E+02 5.568294E+02 1.157126E+02 1.132224E+02 8.818020E+01 8.431706E+01 7.147088E+01 
3.389288E+09 3.389288E+09 1.571313E+09 1.611594E+08 3.588220E+07 1.550340E+06 5.764661E+03 8.671247E+02 2.683104E+02 1.655628E+02 1.613074E+02 1.599945E+02 1.578505E+02 1.556010E+02 1.497378E+02 1.297992E+02 
