7.663193E+08 7.663193E+08 7.663193E+08 7.663193E+08 7.663193E+08 7.663193E+08 3.203850E+08 3.203850E+08 3.203850E+08 3.185187E+08 3.185187E+08 3.185187E+08 2.946000E+08 2.946000E+08 1.607425E+08 1.607425E+08 
6.224351E+08 6.224351E+08 6.224351E+08 6.224351E+08 4.883608E+08 4.883608E+08 2.411702E+08 2.411702E+08 2.411702E+08 2.411702E+08 2.411702E+08 2.050875E+08 2.050875E+08 6.450638E+07 6.450638E+07 6.450638E+07 
1.118841E+08 1.118841E+08 1.118841E+08 1.118841E+08 1.118841E+08 1.118841E+08 1.118841E+08 1.118841E+08 1.118841E+08 1.118841E+08 1.118841E+08 1.118841E+08 1.118841E+08 6.558083E+07 6.558083E+07 6.558083E+07 
1.809304E+08 1.809304E+08 1.809304E+08 1.809304E+08 1.809304E+08 1.809304E+08 1.809304E+08 1.809304E+08 1.809304E+08 1.809304E+08 1.809304E+08 1.809304E+08 1.809304E+08 1.470627E+08 1.470627E+08 1.470627E+08 
3.498169E+08 3.498169E+08 3.498169E+08 3.498169E+08 2.241889E+08 2.241889E+08 2.241889E+08 2.241889E+08 2.241889E+08 2.241889E+08 1.647641E+08 1.647641E+08 1.647641E+08 1.647641E+08 1.647641E+08 1.647641E+08 
6.353670E+07 6.353670E+07 6.353670E+07 6.353670E+07 6.353670E+07 6.353670E+07 6.353670E+07 6.353670E+07 6.353670E+07 6.353670E+07 6.353670E+07 6.353670E+07 6.353670E+07 6.353670E+07 6.353670E+07 6.353670E+07 
1.150203E+08 1.150203E+08 1.150203E+08 1.150203E+08 1.150203E+08 1.150203E+08 1.150203E+08 3.080525E+07 3.080525E+07 3.080525E+07 3.080525E+07 3.080525E+07 3.080525E+07 2.015803E+07 2.015803E+07 2.015803E+07 
4.198888E+08 4.198888E+08 4.198888E+08 4.198888E+08 1.175367E+08 1.175367E+08 1.175367E+08 1.175367E+08 1.175367E+08 1.175367E+08 1.175367E+08 5.709532E+07 5.709532E+07 5.709532E+07 5.709532E+07 5.709532E+07 
4.382155E+08 4.382155E+08 4.382155E+08 4.382155E+08 2.992621E+08 2.992621E+08 2.992621E+08 1.244318E+08 1.244318E+08 1.244318E+08 1.244318E+08 1.244318E+08 1.244318E+08 1.244318E+08 1.162564E+08 1.162564E+08 
4.869413E+08 4.869413E+08 4.869413E+08 4.869413E+08 4.869413E+08 4.869413E+08 4.869413E+08 4.869413E+08 4.869413E+08 4.869413E+08 4.869413E+08 2.808388E+08 2.808388E+08 2.808388E+08 2.808388E+08 2.808388E+08 
4.080841E+08 4.080841E+08 4.080841E+08 4.080841E+08 4.080841E+08 4.080841E+08 4.080841E+08 8.797305E+07 8.797305E+07 8.797305E+07 8.797305E+07 8.797305E+07 8.797305E+07 8.797305E+07 8.797305E+07 8.797305E+07 
1.895166E+08 1.895166E+08 1.895166E+08 1.895166E+08 1.895166E+08 1.895166E+08 1.895166E+08 1.895166E+08 1.895166E+08 1.895166E+08 1.895166E+08 5.646667E+07 5.646667E+07 5.646667E+07 5.646667E+07 5.646667E+07 
7.832077E+08 7.832077E+08 7.832077E+08 7.832077E+08 7.832077E+08 7.832077E+08 5.736681E+08 5.736681E+08 2.661432E+08 2.661432E+08 2.661432E+08 2.661432E+08 2.661432E+08 2.661432E+08 2.661432E+08 8.745952E+07 
1.618477E+08 1.618477E+08 1.618477E+08 1.618477E+08 1.618477E+08 1.245211E+08 1.245211E+08 1.245211E+08 1.245211E+08 1.245211E+08 1.245211E+08 1.245211E+08 1.245211E+08 1.245211E+08 3.134106E+07 3.134106E+07 
4.011711E+06 4.011711E+06 4.011711E+06 4.011711E+06 4.011711E+06 4.011711E+06 4.011711E+06 4.011711E+06 4.011711E+06 4.011711E+06 4.011711E+06 4.011711E+06 4.011711E+06 4.011711E+06 4.011711E+06 4.011711E+06 
5.117172E+08 5.117172E+08 5.117172E+08 5.117172E+08 3.403302E+08 3.403302E+08 3.403302E+08 3.403302E+08 3.403302E+08 2.313355E+08 2.313355E+08 1.185737E+08 1.185737E+08 1.185737E+08 1.185737E+08 9.146952E+07 
3.703635E+08 3.703635E+08 3.703635E+08 3.703635E+08 3.703635E+08 2.205605E+08 2.205605E+08 2.205605E+08 1.349501E+08 1.349501E+08 1.349501E+08 1.349501E+08 4.057677E+07 4.057677E+07 4.057677E+07 4.057677E+07 
1.322031E+08 1.322031E+08 1.322031E+08 1.322031E+08 1.322031E+08 1.322031E+08 1.322031E+08 1.322031E+08 1.322031E+08 1.322031E+08 1.205482E+08 1.205482E+08 1.205482E+08 1.205482E+08 1.105280E+08 1.105280E+08 
2.342769E+08 2.342769E+08 2.342769E+08 2.342769E+08 2.342769E+08 1.030887E+08 1.030887E+08 1.030887E+08 1.030887E+08 1.030887E+08 1.030887E+08 9.329257E+06 9.329257E+06 9.329257E+06 9.329257E+06 9.329257E+06 
6.812461E+07 6.812461E+07 6.812461E+07 6.812461E+07 6.812461E+07 6.812461E+07 6.812461E+07 6.812461E+07 6.812461E+07 6.812461E+07 6.812461E+07 6.812461E+07 6.812461E+07 6.812461E+07 6.812461E+07 6.812461E+07 
9.291349E+07 9.291349E+07 9.291349E+07 9.291349E+07 9.291349E+07 9.291349E+07 9.291349E+07 9.291349E+07 9.291349E+07 9.291349E+07 9.291349E+07 9.291349E+07 6.741838E+07 6.741838E+07 6.741838E+07 6.741838E+07 
5.520284E+08 5.520284E+08 5.520284E+08 5.520284E+08 3.763975E+08 3.763975E+08 3.763975E+08 3.763975E+08 3.763975E+08 3.763975E+08 3.139172E+08 2.929254E+08 2.929254E+08 1.241065E+08 1.241065E+08 1.241065E+08 
2.857294E+08 2.857294E+08 2.857294E+08 2.857294E+08 2.857294E+08 2.857294E+08 2.857294E+08 2.857294E+08 2.397180E+07 2.397180E+07 2.397180E+07 2.397180E+07 2.397180E+07 2.397180E+07 2.397180E+07 2.397180E+07 
6.577777E+08 6.577777E+08 6.577777E+08 6.577777E+08 6.577777E+08 4.924522E+08 4.924522E+08 4.924522E+08 2.297481E+08 2.297481E+08 2.297481E+08 2.297481E+08 2.297481E+08 2.297481E+08 2.297481E+08 2.297481E+08 
1.542908E+08 1.542908E+08 1.542908E+08 1.542908E+08 1.542908E+08 1.542908E+08 1.542908E+08 1.542908E+08 1.542908E+08 1.542908E+08 1.542908E+08 1.542908E+08 1.542908E+08 1.542908E+08 1.542908E+08 1.542908E+08 
5.891921E+08 5.891921E+08 3.125309E+08 3.125309E+08 3.125309E+08 3.125309E+08 3.125309E+08 3.125309E+08 1.810744E+08 1.810744E+08 1.445282E+08 1.445282E+08 1.445282E+08 1.445282E+08 1.445282E+08 1.294532E+08 
8.668598E+08 8.668598E+08 8.668598E+08 8.668598E+08 7.079851E+08 6.887273E+08 4.409182E+08 1.858909E+08 1.858909E+08 1.858909E+08 1.858909E+08 1.858909E+08 1.858909E+08 1.858909E+08 1.858909E+08 1.858909E+08 
5.107807E+08 5.107807E+08 5.107807E+08 5.107807E+08 5.107807E+08 5.107807E+08 5.107807E+08 4.890516E+08 6.959911E+07 6.959911E+07 6.959911E+07 6.959911E+07 6.959911E+07 6.959911E+07 6.959911E+07 6.959911E+07 
2.573302E+08 2.573302E+08 2.573302E+08 2.573302E+08 2.573302E+08 2.573302E+08 2.573302E+08 2.573302E+08 2.573302E+08 2.573302E+08 2.307866E+08 2.307866E+08 2.307866E+08 2.307866E+08 2.307866E+08 4.253069E+06 
8.717042E+08 8.717042E+08 8.717042E+08 8.717042E+08 8.717042E+08 4.892711E+08 4.892711E+08 2.665332E+08 2.665332E+08 2.665332E+08 2.665332E+08 2.160275E+08 2.160275E+08 4.818391E+07 4.818391E+07 4.818391E+07 
