2.380145E+02 2.255216E+02 2.255216E+02 2.255216E+02 2.255216E+02 2.255216E+02 2.255216E+02 2.255216E+02 2.255216E+02 2.255216E+02 2.255216E+02 2.255216E+02 2.255216E+02 2.255216E+02 2.255216E+02 2.255216E+02 
2.341379E+02 2.051100E+02 2.036342E+02 2.036342E+02 2.036342E+02 2.036342E+02 2.036342E+02 2.036342E+02 2.036342E+02 2.036342E+02 2.036342E+02 2.036342E+02 2.036342E+02 2.036342E+02 2.036342E+02 2.036342E+02 
2.356830E+02 1.907680E+02 1.907680E+02 1.907680E+02 1.907680E+02 1.907680E+02 1.907680E+02 1.907680E+02 1.907680E+02 1.907680E+02 1.907680E+02 1.907680E+02 1.907680E+02 1.907680E+02 1.907680E+02 1.907680E+02 
2.528760E+02 2.215579E+02 2.215579E+02 2.215579E+02 2.215579E+02 2.215579E+02 2.215579E+02 2.215579E+02 2.215579E+02 2.215579E+02 2.215579E+02 2.215579E+02 2.215579E+02 2.215579E+02 2.215579E+02 2.215579E+02 
2.239658E+02 2.178818E+02 2.178818E+02 2.178818E+02 2.178818E+02 2.178818E+02 2.178818E+02 2.178818E+02 2.178818E+02 2.178818E+02 2.178818E+02 2.178818E+02 2.178818E+02 2.178818E+02 2.178818E+02 2.178818E+02 
2.293930E+02 2.209860E+02 2.209860E+02 2.209860E+02 2.209860E+02 2.209860E+02 2.209860E+02 2.209860E+02 2.209860E+02 2.209860E+02 2.209860E+02 2.209860E+02 2.209860E+02 2.209860E+02 2.209860E+02 2.209860E+02 
2.328766E+02 2.134950E+02 2.134950E+02 2.134950E+02 2.134950E+02 2.134950E+02 2.134950E+02 2.134950E+02 2.134950E+02 2.134950E+02 2.134950E+02 2.134950E+02 2.134950E+02 2.134950E+02 2.134950E+02 2.134950E+02 
2.497664E+02 2.449601E+02 2.318195E+02 2.318195E+02 2.318195E+02 2.318195E+02 2.318195E+02 2.318195E+02 2.318195E+02 2.318195E+02 2.318195E+02 2.318195E+02 2.318195E+02 2.318195E+02 2.318195E+02 2.318195E+02 
2.193810E+02 2.193810E+02 2.193810E+02 2.193810E+02 2.193810E+02 2.193810E+02 2.193810E+02 2.193810E+02 2.193810E+02 2.193810E+02 2.193810E+02 2.193810E+02 2.193810E+02 2.193810E+02 2.193810E+02 2.193810E+02 
2.236716E+02 2.236716E+02 2.236716E+02 2.236716E+02 2.236716E+02 2.236716E+02 2.236716E+02 2.236716E+02 2.236716E+02 2.236716E+02 2.236716E+02 2.236716E+02 2.236716E+02 2.236716E+02 2.236716E+02 2.236716E+02 
2.246884E+02 2.181277E+02 2.181277E+02 2.181277E+02 2.181277E+02 2.181277E+02 2.181277E+02 2.181277E+02 2.181277E+02 2.181277E+02 2.181277E+02 2.181277E+02 2.181277E+02 2.181277E+02 2.181277E+02 2.181277E+02 
2.429951E+02 2.131772E+02 2.131772E+02 2.131772E+02 2.131772E+02 2.131772E+02 2.131772E+02 2.131772E+02 2.131772E+02 2.131772E+02 2.131772E+02 2.131772E+02 2.131772E+02 2.131772E+02 2.131772E+02 2.131772E+02 
2.272594E+02 2.272594E+02 2.270379E+02 2.270379E+02 2.270379E+02 2.270379E+02 2.270379E+02 2.270379E+02 2.270379E+02 2.270379E+02 2.270379E+02 2.270379E+02 2.270379E+02 2.270379E+02 2.270379E+02 2.270379E+02 
2.569082E+02 1.970950E+02 1.970950E+02 1.970950E+02 1.970950E+02 1.970950E+02 1.970950E+02 1.970950E+02 1.970950E+02 1.970950E+02 1.970950E+02 1.970950E+02 1.970950E+02 1.970950E+02 1.970950E+02 1.970950E+02 
2.479898E+02 2.196195E+02 2.196195E+02 2.196195E+02 2.196195E+02 2.196195E+02 2.196195E+02 2.196195E+02 2.196195E+02 2.196195E+02 2.196195E+02 2.196195E+02 2.196195E+02 2.196195E+02 2.196195E+02 2.196195E+02 
2.311708E+02 2.255505E+02 2.255505E+02 2.255505E+02 2.255505E+02 2.255505E+02 2.255505E+02 2.255505E+02 2.255505E+02 2.255505E+02 2.255505E+02 2.255505E+02 2.255505E+02 2.255505E+02 2.255505E+02 2.255505E+02 
2.482434E+02 2.230607E+02 2.230607E+02 2.230607E+02 2.230607E+02 2.230607E+02 2.230607E+02 2.230607E+02 2.230607E+02 2.230607E+02 2.230607E+02 2.230607E+02 2.230607E+02 2.230607E+02 2.230607E+02 2.230607E+02 
2.416242E+02 2.261331E+02 2.261331E+02 2.261331E+02 2.261331E+02 2.261331E+02 2.261331E+02 2.261331E+02 2.261331E+02 2.261331E+02 2.261331E+02 2.261331E+02 2.261331E+02 2.261331E+02 2.261331E+02 2.261331E+02 
2.417075E+02 2.317559E+02 2.279240E+02 2.279240E+02 2.279240E+02 2.279240E+02 2.279240E+02 2.279240E+02 2.279240E+02 2.279240E+02 2.279240E+02 2.279240E+02 2.279240E+02 2.279240E+02 2.279240E+02 2.279240E+02 
2.547358E+02 2.277906E+02 2.277906E+02 2.277906E+02 2.277906E+02 2.277906E+02 2.277906E+02 2.277906E+02 2.277906E+02 2.277906E+02 2.277906E+02 2.277906E+02 2.277906E+02 2.277906E+02 2.277906E+02 2.277906E+02 
2.481691E+02 2.117142E+02 2.117142E+02 2.117142E+02 2.117142E+02 2.117142E+02 2.117142E+02 2.117142E+02 2.117142E+02 2.117142E+02 2.117142E+02 2.117142E+02 2.117142E+02 2.117142E+02 2.117142E+02 2.117142E+02 
2.513999E+02 2.425107E+02 2.425107E+02 2.425107E+02 2.425107E+02 2.425107E+02 2.425107E+02 2.425107E+02 2.425107E+02 2.425107E+02 2.425107E+02 2.425107E+02 2.425107E+02 2.425107E+02 2.425107E+02 2.425107E+02 
2.310921E+02 2.189305E+02 2.189305E+02 2.189305E+02 2.189305E+02 2.189305E+02 2.189305E+02 2.189305E+02 2.189305E+02 2.189305E+02 2.189305E+02 2.189305E+02 2.189305E+02 2.189305E+02 2.189305E+02 2.189305E+02 
2.394009E+02 2.141234E+02 2.141234E+02 2.141234E+02 2.141234E+02 2.141234E+02 2.141234E+02 2.141234E+02 2.141234E+02 2.141234E+02 2.141234E+02 2.141234E+02 2.141234E+02 2.141234E+02 2.141234E+02 2.141234E+02 
2.255072E+02 2.243570E+02 2.243570E+02 2.243570E+02 2.243570E+02 2.243570E+02 2.243570E+02 2.243570E+02 2.243570E+02 2.243570E+02 2.243570E+02 2.243570E+02 2.243570E+02 2.243570E+02 2.243570E+02 2.243570E+02 
2.437447E+02 2.367425E+02 2.206943E+02 2.206943E+02 2.206943E+02 2.206943E+02 2.206943E+02 2.206943E+02 2.206943E+02 2.206943E+02 2.206943E+02 2.206943E+02 2.206943E+02 2.206943E+02 2.206943E+02 2.206943E+02 
1.930692E+02 1.923632E+02 1.923632E+02 1.923632E+02 1.923632E+02 1.923632E+02 1.923632E+02 1.923632E+02 1.923632E+02 1.923632E+02 1.923632E+02 1.923632E+02 1.923632E+02 1.923632E+02 1.923632E+02 1.923632E+02 
2.305967E+02 2.230544E+02 2.230544E+02 2.230544E+02 2.230544E+02 2.230544E+02 2.230544E+02 2.230544E+02 2.230544E+02 2.230544E+02 2.230544E+02 2.230544E+02 2.230544E+02 2.230544E+02 2.230544E+02 2.230544E+02 
2.464884E+02 2.137225E+02 2.137225E+02 2.137225E+02 2.137225E+02 2.137225E+02 2.137225E+02 2.137225E+02 2.137225E+02 2.137225E+02 2.137225E+02 2.137225E+02 2.137225E+02 2.137225E+02 2.137225E+02 2.137225E+02 
2.555429E+02 2.213914E+02 2.213914E+02 2.213914E+02 2.213914E+02 2.213914E+02 2.213914E+02 2.213914E+02 2.213914E+02 2.213914E+02 2.213914E+02 2.213914E+02 2.213914E+02 2.213914E+02 2.213914E+02 2.213914E+02 
