1.985246E+02 1.237153E+02 1.104897E+02 1.024979E+02 1.018138E+02 1.009306E+02 1.007875E+02 1.006459E+02 1.005826E+02 1.005486E+02 1.005450E+02 1.005317E+02 1.005317E+02 1.004098E+02 1.003699E+02 1.003699E+02 
4.910426E+02 2.893378E+02 2.893378E+02 2.700904E+02 2.670725E+02 2.470737E+02 2.219106E+02 2.179705E+02 2.174267E+02 2.174262E+02 1.006050E+02 1.006024E+02 1.005985E+02 1.005681E+02 1.004246E+02 1.004159E+02 
3.227273E+02 2.987596E+02 2.831278E+02 2.725872E+02 2.565121E+02 2.330314E+02 2.210389E+02 2.193507E+02 2.193494E+02 2.193491E+02 2.193491E+02 2.193489E+02 2.193489E+02 1.004153E+02 1.003983E+02 1.003687E+02 
1.465660E+02 1.252837E+02 1.115892E+02 1.058888E+02 1.013885E+02 1.008614E+02 1.007325E+02 1.006229E+02 1.005849E+02 1.005691E+02 1.005520E+02 1.005520E+02 1.005446E+02 1.005393E+02 1.005106E+02 1.004888E+02 
7.798366E+02 3.434566E+02 3.110762E+02 2.916568E+02 2.748323E+02 2.392625E+02 2.260521E+02 2.212726E+02 2.212283E+02 2.212280E+02 1.003796E+02 1.003504E+02 1.003453E+02 1.003453E+02 1.003453E+02 1.003443E+02 
1.429925E+02 1.273494E+02 1.049400E+02 1.019763E+02 1.010694E+02 1.008181E+02 1.005453E+02 1.004369E+02 1.003801E+02 1.003620E+02 1.003584E+02 1.003564E+02 1.003564E+02 1.003564E+02 1.003499E+02 1.003375E+02 
4.596892E+02 3.264139E+02 3.033263E+02 2.686818E+02 2.583696E+02 2.177464E+02 2.139744E+02 2.137004E+02 2.136973E+02 2.136967E+02 2.136967E+02 1.003340E+02 1.002504E+02 1.002489E+02 1.002443E+02 1.002307E+02 
1.284421E+02 1.132668E+02 1.089365E+02 1.028710E+02 1.006585E+02 1.006585E+02 1.005760E+02 1.005344E+02 1.004689E+02 1.004391E+02 1.004371E+02 1.004332E+02 1.004332E+02 1.004311E+02 1.004256E+02 1.004086E+02 
3.586236E+02 2.954750E+02 2.954750E+02 2.698201E+02 2.535904E+02 2.491645E+02 2.326854E+02 2.216216E+02 2.206649E+02 2.206621E+02 1.007557E+02 1.007267E+02 1.007138E+02 1.006564E+02 1.005311E+02 1.005294E+02 
3.274910E+02 2.996776E+02 2.973303E+02 2.887003E+02 2.669960E+02 2.542666E+02 2.485635E+02 2.362022E+02 2.345742E+02 2.345421E+02 1.003986E+02 1.002527E+02 1.002414E+02 1.002395E+02 1.002395E+02 1.002395E+02 
1.587654E+02 1.310054E+02 1.166838E+02 1.086506E+02 1.017864E+02 1.006880E+02 1.005809E+02 1.005127E+02 1.004363E+02 1.004232E+02 1.004116E+02 1.004116E+02 1.004082E+02 1.003961E+02 1.003957E+02 1.003816E+02 
1.861789E+02 1.166563E+02 1.100064E+02 1.015359E+02 1.015359E+02 1.008435E+02 1.007921E+02 1.007251E+02 1.006719E+02 1.006719E+02 1.006682E+02 1.006642E+02 1.006379E+02 1.006180E+02 1.006044E+02 1.005732E+02 
1.155491E+02 1.084245E+02 1.066506E+02 1.018084E+02 1.015318E+02 1.008602E+02 1.006247E+02 1.004743E+02 1.004083E+02 1.003812E+02 1.003688E+02 1.003672E+02 1.003560E+02 1.003264E+02 1.003264E+02 1.003264E+02 
3.501234E+02 2.705910E+02 2.705910E+02 2.511883E+02 2.315402E+02 2.234623E+02 2.198579E+02 2.192731E+02 2.192715E+02 2.192711E+02 1.009160E+02 1.008937E+02 1.008547E+02 1.006256E+02 1.005736E+02 1.005078E+02 
1.228310E+02 1.131748E+02 1.062516E+02 1.028836E+02 1.018006E+02 1.009312E+02 1.007586E+02 1.006110E+02 1.005789E+02 1.003242E+02 1.003242E+02 1.003242E+02 1.002926E+02 1.002903E+02 1.002854E+02 1.002854E+02 
1.413029E+02 1.271660E+02 1.166850E+02 1.032933E+02 1.016480E+02 1.008975E+02 1.006874E+02 1.006523E+02 1.005891E+02 1.005777E+02 1.005689E+02 1.005625E+02 1.005575E+02 1.004171E+02 1.003743E+02 1.003434E+02 
3.313806E+02 3.022338E+02 2.887830E+02 2.386151E+02 2.386151E+02 2.245138E+02 2.110122E+02 2.101102E+02 2.101053E+02 2.101048E+02 1.010748E+02 1.010366E+02 1.007651E+02 1.006431E+02 1.005275E+02 1.004554E+02 
1.867512E+02 1.083048E+02 1.050189E+02 1.022225E+02 1.013285E+02 1.009541E+02 1.006682E+02 1.005438E+02 1.005438E+02 1.005313E+02 1.005045E+02 1.004901E+02 1.004829E+02 1.004829E+02 1.004824E+02 1.004550E+02 
1.812304E+02 1.410574E+02 1.194441E+02 1.100369E+02 1.011585E+02 1.007253E+02 1.005503E+02 1.003546E+02 1.003546E+02 1.003200E+02 1.003168E+02 1.003134E+02 1.003134E+02 1.003134E+02 1.003132E+02 1.003079E+02 
2.211309E+02 1.192241E+02 1.097986E+02 1.025083E+02 1.006847E+02 1.006847E+02 1.004865E+02 1.004624E+02 1.003660E+02 1.003527E+02 1.003333E+02 1.003219E+02 1.003205E+02 1.003002E+02 1.002898E+02 1.002898E+02 
3.636200E+02 3.344900E+02 3.022114E+02 2.824973E+02 2.404509E+02 2.339717E+02 2.232990E+02 2.207077E+02 2.206752E+02 2.206745E+02 1.005253E+02 1.004497E+02 1.004376E+02 1.004137E+02 1.004131E+02 1.004048E+02 
1.473236E+02 1.251120E+02 1.061024E+02 1.052591E+02 1.014608E+02 1.008778E+02 1.007723E+02 1.006958E+02 1.006737E+02 1.006730E+02 1.006634E+02 1.006603E+02 1.006424E+02 1.006327E+02 1.006308E+02 1.006268E+02 
3.558870E+02 3.131140E+02 2.959527E+02 2.769531E+02 2.560358E+02 2.291087E+02 2.208252E+02 2.207439E+02 2.207422E+02 2.207417E+02 1.005335E+02 1.004754E+02 1.004711E+02 1.004675E+02 1.004613E+02 1.004613E+02 
1.582564E+02 1.393956E+02 1.238886E+02 1.052053E+02 1.015415E+02 1.013956E+02 1.007845E+02 1.006371E+02 1.006062E+02 1.005792E+02 1.005792E+02 1.005784E+02 1.005632E+02 1.005355E+02 1.004109E+02 1.003880E+02 
1.681783E+02 1.251010E+02 1.148165E+02 1.017984E+02 1.015537E+02 1.010532E+02 1.009311E+02 1.008049E+02 1.007446E+02 1.007446E+02 1.007398E+02 1.007300E+02 1.007300E+02 1.006664E+02 1.006538E+02 1.006340E+02 
1.102517E+02 1.064125E+02 1.026919E+02 1.022326E+02 1.013779E+02 1.009300E+02 1.006112E+02 1.005013E+02 1.005013E+02 1.005013E+02 1.004972E+02 1.004946E+02 1.004513E+02 1.004513E+02 1.004336E+02 1.004335E+02 
1.832712E+02 1.347801E+02 1.062581E+02 1.013559E+02 1.012102E+02 1.007089E+02 1.006682E+02 1.005847E+02 1.005539E+02 1.005218E+02 1.005097E+02 1.005005E+02 1.004944E+02 1.004896E+02 1.004894E+02 1.003685E+02 
3.612871E+02 3.353180E+02 2.798000E+02 2.745645E+02 2.694722E+02 2.590204E+02 2.547616E+02 2.546179E+02 2.546168E+02 2.546165E+02 1.005086E+02 1.004683E+02 1.004683E+02 1.004683E+02 1.004275E+02 1.004260E+02 
3.359334E+02 3.129545E+02 2.937600E+02 2.743169E+02 2.581888E+02 2.420754E+02 2.195300E+02 2.173183E+02 2.172708E+02 2.172704E+02 1.003950E+02 1.003733E+02 1.003618E+02 1.003590E+02 1.003515E+02 1.003473E+02 
1.294206E+02 1.111300E+02 1.071407E+02 1.011232E+02 1.011232E+02 1.007292E+02 1.005728E+02 1.005336E+02 1.003869E+02 1.003744E+02 1.003670E+02 1.003655E+02 1.003655E+02 1.003647E+02 1.003642E+02 1.003612E+02 
