1.773559E+03 1.121761E+03 7.542386E+02 6.146734E+02 5.061047E+02 3.970160E+02 3.788382E+02 3.672990E+02 3.365338E+02 2.942937E+02 2.757329E+02 2.609496E+02 1.807943E+02 1.807813E+02 1.807813E+02 1.807813E+02 
1.216801E+03 8.032138E+02 7.765127E+02 5.166978E+02 3.159838E+02 2.711275E+02 2.470657E+02 2.291317E+02 2.173655E+02 2.017513E+02 1.961030E+02 1.839943E+02 1.808009E+02 1.807813E+02 1.807813E+02 1.807813E+02 
6.287621E+02 6.287621E+02 5.930942E+02 4.071296E+02 3.856629E+02 3.633539E+02 3.022668E+02 2.821154E+02 2.581286E+02 2.350836E+02 2.163791E+02 2.112965E+02 1.813778E+02 1.807813E+02 1.807813E+02 1.807813E+02 
1.138453E+03 7.441431E+02 5.659931E+02 5.034522E+02 4.127181E+02 3.340775E+02 2.865412E+02 2.577321E+02 2.330927E+02 2.162612E+02 1.968392E+02 1.897273E+02 1.807848E+02 1.807813E+02 1.807813E+02 1.807813E+02 
9.062117E+02 8.095076E+02 5.905498E+02 4.716353E+02 4.191698E+02 3.427776E+02 2.916252E+02 2.643384E+02 2.423001E+02 2.153466E+02 2.055932E+02 1.893541E+02 1.807864E+02 1.807813E+02 1.807813E+02 1.807813E+02 
1.813687E+03 1.044969E+03 6.763630E+02 5.247110E+02 3.200594E+02 2.260447E+02 2.064163E+02 1.997820E+02 1.913207E+02 1.866916E+02 1.834493E+02 1.809099E+02 1.807814E+02 1.807813E+02 1.807813E+02 1.807813E+02 
1.517172E+03 1.403955E+03 7.299109E+02 5.963963E+02 4.307708E+02 3.884503E+02 3.291265E+02 2.931726E+02 2.727294E+02 2.545987E+02 2.401837E+02 1.924084E+02 1.807818E+02 1.807813E+02 1.807813E+02 1.807813E+02 
1.934102E+03 1.263406E+03 9.783473E+02 6.778205E+02 3.704235E+02 2.613269E+02 2.290948E+02 2.213190E+02 2.083480E+02 1.993463E+02 1.952110E+02 1.811565E+02 1.807834E+02 1.807813E+02 1.807813E+02 1.807813E+02 
1.162547E+03 9.138076E+02 6.177719E+02 5.427352E+02 4.372904E+02 4.051246E+02 3.849356E+02 3.691582E+02 3.462271E+02 2.935546E+02 2.720521E+02 2.607835E+02 1.818185E+02 1.807813E+02 1.807813E+02 1.807813E+02 
1.329964E+03 9.454115E+02 5.859399E+02 4.247320E+02 3.529844E+02 2.972077E+02 2.681940E+02 2.630643E+02 2.470028E+02 2.387353E+02 2.205636E+02 1.830559E+02 1.807823E+02 1.807813E+02 1.807813E+02 1.807813E+02 
7.554402E+02 7.554402E+02 6.707101E+02 5.347301E+02 4.053863E+02 3.343111E+02 3.057558E+02 2.981013E+02 2.799310E+02 2.579134E+02 2.447705E+02 2.063973E+02 1.809088E+02 1.807813E+02 1.807813E+02 1.807813E+02 
1.079775E+03 9.210078E+02 3.589676E+02 3.021906E+02 2.506213E+02 2.181346E+02 1.985578E+02 1.937404E+02 1.863713E+02 1.832298E+02 1.815879E+02 1.808142E+02 1.807813E+02 1.807813E+02 1.807813E+02 1.807813E+02 
1.038627E+03 9.215622E+02 4.034988E+02 3.726377E+02 3.166660E+02 2.653957E+02 2.143862E+02 1.993117E+02 1.906535E+02 1.855042E+02 1.821041E+02 1.808268E+02 1.807813E+02 1.807813E+02 1.807813E+02 1.807813E+02 
1.022760E+03 9.649024E+02 6.297516E+02 4.850343E+02 3.529491E+02 2.346165E+02 2.015235E+02 1.898552E+02 1.847723E+02 1.824708E+02 1.811808E+02 1.807958E+02 1.807813E+02 1.807813E+02 1.807813E+02 1.807813E+02 
5.651027E+02 4.988308E+02 4.361610E+02 3.181430E+02 2.575624E+02 2.459603E+02 2.247748E+02 2.170925E+02 2.069790E+02 1.977909E+02 1.929286E+02 1.812173E+02 1.807824E+02 1.807813E+02 1.807813E+02 1.807813E+02 
1.199797E+03 1.060943E+03 4.525424E+02 4.149213E+02 3.609914E+02 2.655989E+02 2.124724E+02 1.964597E+02 1.847703E+02 1.816527E+02 1.811620E+02 1.808064E+02 1.807813E+02 1.807813E+02 1.807813E+02 1.807813E+02 
1.576915E+03 1.126125E+03 8.077163E+02 4.708768E+02 3.989527E+02 3.419720E+02 2.644712E+02 2.468781E+02 2.284172E+02 2.110834E+02 1.966947E+02 1.869823E+02 1.807815E+02 1.807813E+02 1.807813E+02 1.807813E+02 
1.283934E+03 1.103701E+03 8.779554E+02 6.427020E+02 5.150566E+02 4.503542E+02 2.446294E+02 2.268256E+02 2.094930E+02 1.933877E+02 1.877090E+02 1.818923E+02 1.807861E+02 1.807813E+02 1.807813E+02 1.807813E+02 
6.579221E+02 5.236279E+02 5.236279E+02 4.296072E+02 3.639099E+02 2.884117E+02 2.167713E+02 2.009005E+02 1.919009E+02 1.868060E+02 1.848516E+02 1.814478E+02 1.807837E+02 1.807813E+02 1.807813E+02 1.807813E+02 
9.612273E+02 9.612273E+02 6.872705E+02 5.987674E+02 4.580004E+02 3.836858E+02 3.405214E+02 3.073086E+02 2.615505E+02 2.258343E+02 2.006332E+02 1.963609E+02 1.807835E+02 1.807813E+02 1.807813E+02 1.807813E+02 
9.996249E+02 8.852335E+02 7.932843E+02 7.212913E+02 5.435632E+02 5.061840E+02 4.423980E+02 4.213046E+02 3.970935E+02 3.892778E+02 3.835807E+02 2.691521E+02 2.082925E+02 1.807813E+02 1.807813E+02 1.807813E+02 
8.885829E+02 7.911235E+02 6.562529E+02 3.892867E+02 2.981114E+02 2.440954E+02 2.028314E+02 1.969368E+02 1.885076E+02 1.827645E+02 1.815253E+02 1.807946E+02 1.807813E+02 1.807813E+02 1.807813E+02 1.807813E+02 
1.099371E+03 7.263257E+02 5.256674E+02 4.201621E+02 3.523439E+02 3.233716E+02 2.378208E+02 2.215041E+02 2.057354E+02 1.974156E+02 1.939958E+02 1.832724E+02 1.807950E+02 1.807813E+02 1.807813E+02 1.807813E+02 
1.053651E+03 9.635840E+02 5.027316E+02 4.134784E+02 3.349606E+02 2.900396E+02 2.326450E+02 2.183840E+02 2.067287E+02 1.926736E+02 1.860283E+02 1.820056E+02 1.807901E+02 1.807813E+02 1.807813E+02 1.807813E+02 
1.221782E+03 7.310444E+02 4.724848E+02 4.095382E+02 3.513878E+02 2.555991E+02 2.142107E+02 2.017678E+02 1.913335E+02 1.854987E+02 1.837207E+02 1.810027E+02 1.807815E+02 1.807813E+02 1.807813E+02 1.807813E+02 
1.341119E+03 1.193128E+03 5.238442E+02 3.900873E+02 2.809019E+02 2.566645E+02 2.410664E+02 2.308231E+02 2.178378E+02 2.016489E+02 1.931758E+02 1.855462E+02 1.808088E+02 1.807813E+02 1.807813E+02 1.807813E+02 
1.001890E+03 5.291808E+02 4.859576E+02 4.395946E+02 3.323372E+02 2.561443E+02 2.002515E+02 1.900171E+02 1.837757E+02 1.817349E+02 1.811100E+02 1.808028E+02 1.807813E+02 1.807813E+02 1.807813E+02 1.807813E+02 
1.200550E+03 7.432605E+02 5.940759E+02 4.321110E+02 3.550762E+02 2.833608E+02 2.291133E+02 2.121290E+02 1.960628E+02 1.874762E+02 1.844509E+02 1.807883E+02 1.807813E+02 1.807813E+02 1.807813E+02 1.807813E+02 
9.860172E+02 7.495140E+02 6.370004E+02 4.372645E+02 2.924344E+02 2.211648E+02 1.964052E+02 1.904166E+02 1.856035E+02 1.827347E+02 1.819937E+02 1.808166E+02 1.807814E+02 1.807813E+02 1.807813E+02 1.807813E+02 
9.881478E+02 9.881478E+02 6.233830E+02 4.081797E+02 3.370407E+02 2.480537E+02 2.071758E+02 1.897415E+02 1.832216E+02 1.813830E+02 1.809080E+02 1.807843E+02 1.807813E+02 1.807813E+02 1.807813E+02 1.807813E+02 
