5.232007E+02 4.829532E+02 2.947471E+02 2.874255E+02 2.450574E+02 2.425809E+02 2.370791E+02 2.343475E+02 2.326631E+02 2.321325E+02 2.297244E+02 2.294759E+02 2.292864E+02 2.292846E+02 2.292844E+02 2.292844E+02 
5.421092E+02 4.592923E+02 4.561430E+02 4.459037E+02 4.064950E+02 3.682808E+02 2.746599E+02 2.376330E+02 2.338549E+02 2.332172E+02 2.299908E+02 2.294261E+02 2.292894E+02 2.292846E+02 2.292844E+02 2.292844E+02 
4.477218E+02 4.137562E+02 3.793306E+02 3.526276E+02 3.222371E+02 2.694509E+02 2.371891E+02 2.343443E+02 2.327471E+02 2.315997E+02 2.295107E+02 2.293118E+02 2.292858E+02 2.292845E+02 2.292844E+02 2.292844E+02 
4.334282E+02 4.139345E+02 4.106425E+02 4.035723E+02 3.950340E+02 3.905846E+02 3.837906E+02 3.709909E+02 3.608200E+02 3.569908E+02 2.509668E+02 2.293571E+02 2.292848E+02 2.292846E+02 2.292844E+02 2.292844E+02 
5.081638E+02 4.532521E+02 3.545442E+02 3.301211E+02 2.847883E+02 2.508441E+02 2.399521E+02 2.313204E+02 2.304347E+02 2.301623E+02 2.294863E+02 2.293322E+02 2.292864E+02 2.292844E+02 2.292844E+02 2.292844E+02 
5.075685E+02 4.823726E+02 4.408945E+02 4.118441E+02 3.918230E+02 3.055727E+02 2.614498E+02 2.358990E+02 2.334264E+02 2.325045E+02 2.297238E+02 2.294769E+02 2.292857E+02 2.292845E+02 2.292844E+02 2.292844E+02 
5.407292E+02 5.128569E+02 4.575972E+02 4.353987E+02 3.455280E+02 2.903263E+02 2.501995E+02 2.404021E+02 2.364486E+02 2.357291E+02 2.297856E+02 2.294231E+02 2.292880E+02 2.292844E+02 2.292844E+02 2.292844E+02 
5.177600E+02 4.875215E+02 4.696032E+02 4.429811E+02 3.993710E+02 3.907151E+02 3.860450E+02 3.568153E+02 3.455630E+02 3.429581E+02 2.475650E+02 2.413654E+02 2.293251E+02 2.292844E+02 2.292844E+02 2.292844E+02 
4.477789E+02 4.278591E+02 3.752715E+02 3.235330E+02 2.835301E+02 2.533296E+02 2.409604E+02 2.301668E+02 2.299386E+02 2.298054E+02 2.296474E+02 2.293478E+02 2.292871E+02 2.292846E+02 2.292845E+02 2.292844E+02 
4.626555E+02 4.464826E+02 4.152454E+02 4.145950E+02 3.971252E+02 3.515377E+02 2.959514E+02 2.347966E+02 2.322924E+02 2.319034E+02 2.293432E+02 2.292848E+02 2.292845E+02 2.292845E+02 2.292844E+02 2.292844E+02 
4.158913E+02 3.557113E+02 3.505561E+02 2.851502E+02 2.769193E+02 2.441524E+02 2.293903E+02 2.292862E+02 2.292852E+02 2.292846E+02 2.292845E+02 2.292845E+02 2.292844E+02 2.292844E+02 2.292844E+02 2.292844E+02 
4.800049E+02 3.790185E+02 3.712523E+02 3.279783E+02 2.848899E+02 2.560868E+02 2.372117E+02 2.326785E+02 2.316303E+02 2.310370E+02 2.295800E+02 2.293387E+02 2.292852E+02 2.292846E+02 2.292844E+02 2.292844E+02 
3.967507E+02 3.967507E+02 3.952187E+02 3.952187E+02 3.879321E+02 3.358663E+02 2.358907E+02 2.322299E+02 2.309842E+02 2.306070E+02 2.293099E+02 2.292873E+02 2.292857E+02 2.292846E+02 2.292844E+02 2.292844E+02 
5.347825E+02 4.985720E+02 4.082830E+02 3.955558E+02 3.836361E+02 3.763979E+02 3.578113E+02 3.501176E+02 3.419933E+02 3.408739E+02 2.564861E+02 2.352681E+02 2.292855E+02 2.292844E+02 2.292844E+02 2.292844E+02 
3.951136E+02 3.674607E+02 3.674607E+02 3.416661E+02 3.198889E+02 2.971481E+02 2.707849E+02 2.492862E+02 2.386556E+02 2.366769E+02 2.298535E+02 2.292845E+02 2.292844E+02 2.292844E+02 2.292844E+02 2.292844E+02 
4.032884E+02 3.914397E+02 3.703880E+02 3.296219E+02 3.194390E+02 2.990507E+02 2.575061E+02 2.442705E+02 2.419957E+02 2.413569E+02 2.293022E+02 2.292846E+02 2.292844E+02 2.292844E+02 2.292844E+02 2.292844E+02 
5.583525E+02 4.968086E+02 4.437249E+02 4.022810E+02 3.936659E+02 3.547940E+02 2.589324E+02 2.366544E+02 2.341722E+02 2.334286E+02 2.295986E+02 2.292868E+02 2.292846E+02 2.292845E+02 2.292844E+02 2.292844E+02 
4.555479E+02 3.943463E+02 3.692353E+02 3.592786E+02 3.347396E+02 2.707883E+02 2.401844E+02 2.305196E+02 2.302553E+02 2.300776E+02 2.296869E+02 2.294426E+02 2.292844E+02 2.292844E+02 2.292844E+02 2.292844E+02 
5.047243E+02 4.761348E+02 4.165812E+02 4.047187E+02 3.811718E+02 3.188994E+02 2.336420E+02 2.300194E+02 2.297921E+02 2.296640E+02 2.292926E+02 2.292853E+02 2.292845E+02 2.292844E+02 2.292844E+02 2.292844E+02 
5.481986E+02 4.674579E+02 4.259715E+02 3.785938E+02 3.019636E+02 2.321458E+02 2.302631E+02 2.294696E+02 2.293755E+02 2.293216E+02 2.292852E+02 2.292846E+02 2.292845E+02 2.292844E+02 2.292844E+02 2.292844E+02 
4.236565E+02 4.236565E+02 3.770280E+02 3.594543E+02 3.396414E+02 3.069252E+02 2.768992E+02 2.376864E+02 2.353813E+02 2.347337E+02 2.312142E+02 2.293973E+02 2.292875E+02 2.292846E+02 2.292844E+02 2.292844E+02 
5.674461E+02 4.712445E+02 4.701371E+02 3.765799E+02 3.225058E+02 2.786222E+02 2.511178E+02 2.342469E+02 2.334973E+02 2.331365E+02 2.296028E+02 2.293263E+02 2.292846E+02 2.292844E+02 2.292844E+02 2.292844E+02 
4.680219E+02 4.680219E+02 4.056097E+02 3.808410E+02 3.594777E+02 2.825014E+02 2.448440E+02 2.337947E+02 2.328755E+02 2.324677E+02 2.292885E+02 2.292844E+02 2.292844E+02 2.292844E+02 2.292844E+02 2.292844E+02 
5.935271E+02 4.926924E+02 4.539989E+02 4.076671E+02 3.707023E+02 3.240590E+02 3.083431E+02 2.719600E+02 2.470661E+02 2.445503E+02 2.379813E+02 2.296310E+02 2.292849E+02 2.292845E+02 2.292844E+02 2.292844E+02 
4.005097E+02 3.992555E+02 3.961054E+02 3.874206E+02 3.705719E+02 3.186701E+02 2.797591E+02 2.613463E+02 2.550938E+02 2.531664E+02 2.440936E+02 2.304212E+02 2.293659E+02 2.292851E+02 2.292845E+02 2.292844E+02 
6.032880E+02 4.660840E+02 4.375209E+02 3.779170E+02 3.480315E+02 3.142849E+02 2.383333E+02 2.334939E+02 2.324220E+02 2.319989E+02 2.292851E+02 2.292845E+02 2.292845E+02 2.292844E+02 2.292844E+02 2.292844E+02 
3.942679E+02 3.150824E+02 3.150824E+02 2.975748E+02 2.700436E+02 2.401634E+02 2.303054E+02 2.292932E+02 2.292855E+02 2.292848E+02 2.292848E+02 2.292846E+02 2.292845E+02 2.292844E+02 2.292844E+02 2.292844E+02 
5.512929E+02 5.099366E+02 4.262846E+02 3.651730E+02 3.529929E+02 2.946908E+02 2.439882E+02 2.394310E+02 2.376779E+02 2.368301E+02 2.309869E+02 2.295418E+02 2.292876E+02 2.292850E+02 2.292844E+02 2.292844E+02 
5.372936E+02 4.759709E+02 4.454767E+02 4.114604E+02 3.522419E+02 3.209726E+02 2.979742E+02 2.850524E+02 2.773182E+02 2.742038E+02 2.632013E+02 2.298058E+02 2.292848E+02 2.292844E+02 2.292844E+02 2.292844E+02 
3.988185E+02 3.461095E+02 3.461095E+02 3.461095E+02 3.097607E+02 2.844353E+02 2.404863E+02 2.302058E+02 2.298599E+02 2.296930E+02 2.294434E+02 2.293300E+02 2.292855E+02 2.292845E+02 2.292844E+02 2.292844E+02 
