4.393048E+02 4.393048E+02 4.393048E+02 4.393048E+02 4.393048E+02 4.393048E+02 3.645863E+02 3.645863E+02 3.645863E+02 3.645863E+02 3.417472E+02 3.241825E+02 3.241825E+02 3.241825E+02 3.241825E+02 3.220865E+02 
3.273338E+02 3.273338E+02 3.273338E+02 3.273338E+02 3.273338E+02 3.273338E+02 3.273338E+02 3.273338E+02 3.273338E+02 3.273338E+02 3.273338E+02 3.008308E+02 3.008308E+02 3.008308E+02 3.008308E+02 3.008308E+02 
4.445110E+02 4.445110E+02 4.445110E+02 4.011900E+02 4.011900E+02 4.011900E+02 3.997563E+02 3.883610E+02 3.455670E+02 3.455670E+02 3.455670E+02 3.455670E+02 3.455670E+02 3.455670E+02 3.438363E+02 3.089347E+02 
4.496480E+02 4.496480E+02 4.496480E+02 4.070221E+02 3.930084E+02 3.658870E+02 3.305909E+02 3.305909E+02 3.305909E+02 3.240328E+02 3.240328E+02 3.240328E+02 3.240328E+02 3.065746E+02 3.065746E+02 2.882782E+02 
4.766719E+02 4.766719E+02 3.318639E+02 3.318639E+02 3.038957E+02 3.038957E+02 3.038957E+02 3.038957E+02 3.038957E+02 3.038957E+02 2.963493E+02 2.963493E+02 2.963493E+02 2.963493E+02 2.963493E+02 2.695511E+02 
4.684642E+02 4.684642E+02 4.684642E+02 4.684642E+02 3.750676E+02 3.750676E+02 3.750676E+02 3.689749E+02 3.689749E+02 3.514023E+02 3.514023E+02 3.501249E+02 3.250927E+02 3.250927E+02 3.250927E+02 3.250927E+02 
4.922482E+02 3.201293E+02 3.201293E+02 3.201293E+02 3.201293E+02 3.201293E+02 3.201293E+02 3.201293E+02 3.201293E+02 3.201293E+02 3.201293E+02 3.201293E+02 3.050195E+02 2.950403E+02 2.950403E+02 2.950403E+02 
3.205059E+02 3.205059E+02 3.205059E+02 3.205059E+02 3.205059E+02 3.205059E+02 3.205059E+02 3.205059E+02 3.205059E+02 3.205059E+02 3.205059E+02 3.205059E+02 3.093084E+02 3.093084E+02 3.093084E+02 3.075564E+02 
3.422990E+02 3.422990E+02 3.422990E+02 3.422990E+02 3.422990E+02 3.422990E+02 3.375002E+02 3.375002E+02 3.375002E+02 3.375002E+02 3.375002E+02 3.375002E+02 3.375002E+02 3.375002E+02 3.375002E+02 3.198282E+02 
5.614603E+02 4.275453E+02 4.275453E+02 3.497817E+02 3.497817E+02 3.497817E+02 3.497817E+02 3.497817E+02 3.497817E+02 3.218354E+02 3.218354E+02 3.218354E+02 3.218354E+02 3.218354E+02 2.992714E+02 2.992714E+02 
4.773704E+02 3.407415E+02 3.407415E+02 3.407415E+02 3.344888E+02 3.344888E+02 3.344888E+02 3.344888E+02 3.344888E+02 3.326716E+02 3.326716E+02 2.759735E+02 2.759735E+02 2.759735E+02 2.759735E+02 2.759735E+02 
5.175977E+02 4.091119E+02 4.091119E+02 4.091119E+02 3.852107E+02 2.827565E+02 2.827565E+02 2.827565E+02 2.827565E+02 2.761952E+02 2.761952E+02 2.761952E+02 2.761952E+02 2.761952E+02 2.760428E+02 2.760428E+02 
4.710691E+02 3.855329E+02 3.855329E+02 3.855329E+02 3.855329E+02 3.550029E+02 3.337720E+02 3.337720E+02 3.337720E+02 3.337720E+02 3.337720E+02 3.337720E+02 3.337720E+02 3.337720E+02 2.923471E+02 2.853271E+02 
3.281826E+02 3.281826E+02 3.281826E+02 3.281826E+02 3.281826E+02 3.281826E+02 3.281826E+02 3.281826E+02 3.281826E+02 3.281826E+02 3.281826E+02 3.281826E+02 3.281826E+02 3.281826E+02 3.198345E+02 3.198345E+02 
4.560365E+02 4.560365E+02 4.560365E+02 4.555909E+02 4.125904E+02 4.125904E+02 3.235666E+02 3.235666E+02 3.235666E+02 3.235666E+02 3.182482E+02 3.182482E+02 3.182482E+02 3.182482E+02 3.182482E+02 3.182482E+02 
4.183012E+02 4.183012E+02 4.183012E+02 4.183012E+02 4.183012E+02 3.610634E+02 3.610634E+02 3.610634E+02 3.291618E+02 3.291618E+02 3.291618E+02 2.879806E+02 2.879806E+02 2.879806E+02 2.879806E+02 2.879806E+02 
4.347673E+02 4.347673E+02 4.347673E+02 4.347673E+02 3.373369E+02 3.373369E+02 3.373369E+02 3.373369E+02 3.373369E+02 3.373369E+02 3.336825E+02 3.336825E+02 3.033012E+02 3.033012E+02 3.033012E+02 3.033012E+02 
4.590735E+02 4.590735E+02 4.474473E+02 4.125133E+02 4.125133E+02 3.739122E+02 3.739122E+02 3.307917E+02 3.307917E+02 3.219974E+02 3.219974E+02 3.219974E+02 3.219974E+02 3.219974E+02 3.219974E+02 3.206022E+02 
3.886170E+02 3.886170E+02 3.886170E+02 3.886170E+02 3.886170E+02 3.666388E+02 3.607120E+02 3.281655E+02 3.281655E+02 3.281655E+02 3.137322E+02 3.063646E+02 3.063646E+02 2.927703E+02 2.788578E+02 2.788578E+02 
5.066458E+02 5.066458E+02 5.066458E+02 4.373944E+02 3.597305E+02 3.597305E+02 3.597305E+02 3.597305E+02 3.597305E+02 3.597305E+02 3.468602E+02 3.468602E+02 3.468602E+02 3.276907E+02 3.198187E+02 3.198187E+02 
4.079779E+02 4.079779E+02 4.079779E+02 4.079779E+02 3.918217E+02 3.863141E+02 3.863141E+02 3.863141E+02 3.799321E+02 3.522109E+02 3.522109E+02 3.191261E+02 3.191261E+02 3.191261E+02 3.191261E+02 3.105772E+02 
5.424153E+02 3.686309E+02 3.686309E+02 3.686309E+02 3.686309E+02 3.686309E+02 3.686309E+02 3.303094E+02 3.303094E+02 3.303094E+02 3.303094E+02 3.303094E+02 3.303094E+02 3.259435E+02 3.079341E+02 3.079341E+02 
3.946858E+02 3.946858E+02 3.946858E+02 3.835214E+02 3.633871E+02 3.225753E+02 3.225753E+02 3.225753E+02 3.225753E+02 3.220203E+02 3.220203E+02 3.220203E+02 3.157082E+02 3.157082E+02 3.146971E+02 2.666339E+02 
4.179200E+02 4.179200E+02 3.518617E+02 3.518617E+02 3.518617E+02 3.518617E+02 3.518617E+02 3.518617E+02 3.518617E+02 3.518617E+02 3.518617E+02 3.518617E+02 3.518617E+02 3.518617E+02 3.348610E+02 3.348610E+02 
4.499692E+02 4.093534E+02 4.093534E+02 4.093534E+02 4.093534E+02 4.093534E+02 3.351282E+02 3.196960E+02 3.196960E+02 3.196960E+02 3.196960E+02 3.136895E+02 3.029923E+02 3.029923E+02 2.927913E+02 2.927913E+02 
5.427464E+02 5.427464E+02 3.882732E+02 2.924915E+02 2.924915E+02 2.924915E+02 2.924915E+02 2.924915E+02 2.924915E+02 2.924915E+02 2.924915E+02 2.924915E+02 2.924915E+02 2.924915E+02 2.924915E+02 2.924915E+02 
4.212310E+02 4.212310E+02 4.212310E+02 4.212310E+02 4.212310E+02 4.130863E+02 3.458957E+02 3.235745E+02 3.235745E+02 3.235745E+02 3.235745E+02 3.235745E+02 3.235745E+02 3.235745E+02 3.235745E+02 3.235745E+02 
5.142722E+02 5.142722E+02 5.142722E+02 4.166324E+02 4.079318E+02 4.079318E+02 4.079318E+02 3.613045E+02 3.613045E+02 3.613045E+02 3.554989E+02 3.232551E+02 3.232551E+02 3.232551E+02 3.232551E+02 3.232551E+02 
3.507170E+02 3.507170E+02 3.507170E+02 3.507170E+02 3.507170E+02 3.507170E+02 3.507170E+02 3.507170E+02 3.288157E+02 3.288157E+02 3.288157E+02 3.288157E+02 3.288157E+02 3.288157E+02 3.288157E+02 3.288157E+02 
6.482956E+02 5.647211E+02 3.638949E+02 3.404703E+02 3.404703E+02 3.404703E+02 3.404703E+02 2.637144E+02 2.637144E+02 2.637144E+02 2.637144E+02 2.637144E+02 2.637144E+02 2.637144E+02 2.637144E+02 2.637144E+02 
