1.320652E+03 5.954606E+02 5.576933E+02 4.536436E+02 4.425180E+02 4.409907E+02 4.122334E+02 3.749527E+02 3.713649E+02 3.702777E+02 3.702268E+02 2.938747E+02 2.833173E+02 2.833173E+02 2.833173E+02 2.833172E+02 
6.095434E+02 6.095434E+02 5.219351E+02 4.864234E+02 4.715971E+02 4.657351E+02 4.547719E+02 3.907281E+02 3.701355E+02 3.640174E+02 3.627438E+02 2.786038E+02 2.699229E+02 2.699229E+02 2.699229E+02 2.699229E+02 
7.234295E+02 6.607207E+02 4.460834E+02 3.384624E+02 3.055509E+02 3.017040E+02 3.009281E+02 3.005675E+02 2.997212E+02 2.980407E+02 2.979635E+02 2.477250E+02 2.412804E+02 2.412743E+02 2.412743E+02 2.412743E+02 
8.529186E+02 5.221154E+02 3.809695E+02 3.375008E+02 3.289336E+02 3.180797E+02 3.121456E+02 3.108853E+02 3.108017E+02 3.107833E+02 3.107755E+02 2.718543E+02 2.716558E+02 2.716554E+02 2.716553E+02 2.530434E+02 
1.088964E+03 7.374815E+02 4.691059E+02 3.704707E+02 3.639804E+02 3.611617E+02 3.516501E+02 3.383583E+02 3.356460E+02 3.352540E+02 3.351891E+02 3.170657E+02 3.069629E+02 3.009078E+02 2.769945E+02 2.769931E+02 
7.374708E+02 6.659102E+02 5.142943E+02 4.421329E+02 4.175957E+02 3.514273E+02 2.754330E+02 2.717820E+02 2.710550E+02 2.710183E+02 2.710147E+02 2.710143E+02 2.710136E+02 2.710133E+02 2.710132E+02 2.710132E+02 
5.700875E+02 4.449206E+02 3.479854E+02 3.318927E+02 3.275795E+02 3.227663E+02 3.166752E+02 3.122513E+02 3.085459E+02 3.067925E+02 3.067820E+02 2.692244E+02 2.670694E+02 2.621895E+02 2.621861E+02 2.621859E+02 
5.715569E+02 4.915223E+02 4.642374E+02 4.482528E+02 4.463581E+02 4.452712E+02 4.393884E+02 4.323643E+02 4.305871E+02 4.274650E+02 4.268039E+02 4.267595E+02 3.396716E+02 3.395776E+02 3.395772E+02 2.792321E+02 
5.362420E+02 3.486075E+02 2.955125E+02 2.748103E+02 2.657765E+02 2.600062E+02 2.574055E+02 2.527921E+02 2.472801E+02 2.470979E+02 2.470702E+02 2.470593E+02 2.470511E+02 2.470501E+02 2.470483E+02 2.470477E+02 
1.171649E+03 5.436199E+02 4.868361E+02 4.446983E+02 4.247758E+02 4.155366E+02 3.872144E+02 3.740168E+02 3.699465E+02 3.691811E+02 3.691031E+02 3.062936E+02 3.062917E+02 3.062917E+02 2.614468E+02 2.614460E+02 
5.303798E+02 4.334911E+02 3.770275E+02 3.677892E+02 3.665340E+02 3.623485E+02 3.517583E+02 3.456484E+02 3.416091E+02 3.415536E+02 3.415388E+02 3.415382E+02 3.149501E+02 3.147820E+02 2.533195E+02 2.533195E+02 
1.178627E+03 1.110409E+03 6.860853E+02 6.520357E+02 6.470665E+02 5.874034E+02 5.670687E+02 5.612800E+02 5.563039E+02 5.524826E+02 5.523374E+02 3.346942E+02 3.198950E+02 3.198207E+02 2.441062E+02 2.441047E+02 
1.297164E+03 9.575744E+02 6.128092E+02 5.186983E+02 3.949732E+02 3.797278E+02 3.644656E+02 3.461705E+02 3.339930E+02 3.336610E+02 3.336589E+02 2.898579E+02 2.889356E+02 2.889341E+02 2.889338E+02 2.823858E+02 
1.042307E+03 7.805375E+02 4.437879E+02 4.166385E+02 4.048368E+02 3.900430E+02 3.815188E+02 3.721396E+02 3.667495E+02 3.658519E+02 3.602305E+02 2.809066E+02 2.790728E+02 2.790724E+02 2.790722E+02 2.790722E+02 
7.617493E+02 6.350949E+02 3.535977E+02 3.307269E+02 3.150025E+02 3.071763E+02 3.054064E+02 3.022169E+02 2.985947E+02 2.946340E+02 2.945930E+02 2.945771E+02 2.945698E+02 2.899699E+02 2.899649E+02 2.899648E+02 
7.495964E+02 5.405500E+02 3.617237E+02 3.318617E+02 2.710247E+02 2.693852E+02 2.664684E+02 2.626396E+02 2.623257E+02 2.623044E+02 2.623019E+02 2.622984E+02 2.622969E+02 2.561163E+02 2.561018E+02 2.561018E+02 
9.985331E+02 6.769627E+02 5.449624E+02 3.931836E+02 3.104031E+02 2.960964E+02 2.921711E+02 2.795704E+02 2.759429E+02 2.678429E+02 2.656316E+02 2.654593E+02 2.491057E+02 2.455870E+02 2.455870E+02 2.455870E+02 
7.743044E+02 5.740092E+02 3.395979E+02 3.106249E+02 2.971944E+02 2.751820E+02 2.710060E+02 2.687862E+02 2.685896E+02 2.685735E+02 2.685721E+02 2.685720E+02 2.685718E+02 2.685718E+02 2.637786E+02 2.637785E+02 
1.018836E+03 4.762937E+02 4.338702E+02 4.076330E+02 3.794789E+02 3.772657E+02 3.697835E+02 3.597764E+02 3.576393E+02 3.543740E+02 3.497696E+02 3.075638E+02 3.066431E+02 3.066413E+02 3.066399E+02 3.066390E+02 
8.595569E+02 6.361601E+02 4.258209E+02 3.506999E+02 3.213979E+02 3.119010E+02 2.700912E+02 2.571000E+02 2.537646E+02 2.537033E+02 2.537030E+02 2.537029E+02 2.537029E+02 2.499366E+02 2.499350E+02 2.499350E+02 
1.031829E+03 5.841850E+02 5.449317E+02 4.788999E+02 4.523332E+02 4.486736E+02 4.192914E+02 4.048331E+02 3.992039E+02 3.985089E+02 3.985080E+02 3.837194E+02 2.905609E+02 2.692146E+02 2.692144E+02 2.692144E+02 
7.946316E+02 5.186903E+02 4.444142E+02 3.996826E+02 2.971252E+02 2.924681E+02 2.884698E+02 2.869625E+02 2.851987E+02 2.839621E+02 2.838891E+02 2.838861E+02 2.548424E+02 2.545838E+02 2.545774E+02 2.545759E+02 
8.152990E+02 6.195504E+02 5.746423E+02 5.456753E+02 5.303308E+02 5.246338E+02 5.052501E+02 4.505636E+02 4.163069E+02 4.089614E+02 4.086459E+02 3.615560E+02 3.337744E+02 3.302274E+02 3.302259E+02 2.552136E+02 
9.454587E+02 5.894587E+02 4.282414E+02 3.886082E+02 3.349248E+02 3.208510E+02 3.121748E+02 3.091632E+02 3.087924E+02 3.087025E+02 3.078194E+02 2.846202E+02 2.835761E+02 2.835479E+02 2.469683E+02 2.469674E+02 
7.741096E+02 7.129222E+02 6.241563E+02 6.196306E+02 5.977287E+02 5.583740E+02 4.849544E+02 4.510176E+02 4.275984E+02 4.150279E+02 3.943627E+02 3.338490E+02 3.295536E+02 2.819409E+02 2.390222E+02 2.390217E+02 
1.061524E+03 1.061524E+03 6.982315E+02 6.067432E+02 5.438502E+02 5.150215E+02 5.034507E+02 4.962241E+02 4.939580E+02 4.937723E+02 4.937298E+02 4.286757E+02 4.282814E+02 3.865778E+02 3.865778E+02 2.664214E+02 
7.147465E+02 5.836344E+02 4.685804E+02 4.451012E+02 4.136080E+02 4.014372E+02 3.942059E+02 3.903929E+02 3.855071E+02 3.848596E+02 3.848279E+02 2.959940E+02 2.917719E+02 2.917713E+02 2.554276E+02 2.554170E+02 
9.608642E+02 6.171211E+02 5.113240E+02 4.493688E+02 4.488814E+02 4.458677E+02 4.389599E+02 4.339365E+02 4.334900E+02 4.334769E+02 4.334750E+02 3.739285E+02 3.739028E+02 2.919482E+02 2.918526E+02 2.918378E+02 
1.140992E+03 8.268608E+02 3.835785E+02 3.518562E+02 3.189636E+02 3.049942E+02 3.030311E+02 2.975303E+02 2.964089E+02 2.963845E+02 2.963819E+02 2.963817E+02 2.854578E+02 2.695797E+02 2.444773E+02 2.444762E+02 
1.177404E+03 6.046171E+02 5.189632E+02 5.162217E+02 4.980630E+02 4.954477E+02 4.936904E+02 4.878887E+02 4.767019E+02 4.764485E+02 4.764380E+02 4.764362E+02 3.647572E+02 2.535996E+02 2.535996E+02 2.535996E+02 
