2.137684E+02 1.264899E+02 1.149747E+02 8.783199E+01 8.783199E+01 7.859780E+01 3.623527E+01 2.953702E+01 2.450676E+01 2.375609E+01 2.357569E+01 2.356000E+01 2.355469E+01 2.355000E+01 2.354997E+01 2.354997E+01 
1.990692E+02 1.758056E+02 1.531495E+02 1.148491E+02 6.938553E+01 6.938553E+01 6.074642E+01 3.426180E+01 3.275479E+01 3.247569E+01 3.242418E+01 3.240772E+01 3.239799E+01 3.238899E+01 3.238884E+01 3.238708E+01 
1.264695E+02 1.193730E+02 1.193730E+02 1.193730E+02 9.378482E+01 7.793176E+01 5.162595E+01 3.982841E+01 2.660604E+01 2.639486E+01 2.634786E+01 2.631379E+01 2.629978E+01 2.629707E+01 2.629042E+01 2.612528E+01 
2.274799E+02 2.274799E+02 1.691587E+02 1.176361E+02 1.041790E+02 3.287997E+01 3.201031E+01 1.371834E+01 1.221398E+01 1.171782E+01 1.165421E+01 1.158333E+01 1.149975E+01 1.142396E+01 1.139904E+01 8.652397E+00 
1.105818E+02 1.105818E+02 7.487190E+01 7.356306E+01 6.152704E+01 5.255357E+01 3.665288E+01 3.509136E+01 3.484599E+01 3.483261E+01 3.478786E+01 3.478240E+01 3.477557E+01 3.474234E+01 3.473966E+01 3.471754E+01 
1.925182E+02 1.771763E+02 1.424168E+02 1.163602E+02 8.568495E+01 6.556118E+01 3.522961E+01 1.611938E+01 1.583858E+01 1.581287E+01 1.577881E+01 1.569336E+01 1.544364E+01 1.511446E+01 1.439368E+01 1.178408E+01 
1.391377E+02 1.372833E+02 1.372833E+02 1.372833E+02 1.081651E+02 9.110829E+01 7.342159E+01 7.342159E+01 6.043505E+01 5.694324E+01 5.682659E+01 5.663185E+01 5.658892E+01 5.658261E+01 5.658214E+01 5.658210E+01 
1.299217E+02 1.098103E+02 7.783461E+01 7.783461E+01 7.783461E+01 7.004913E+01 4.083713E+01 3.413013E+01 3.189955E+01 3.184243E+01 3.181225E+01 3.179237E+01 3.178964E+01 3.178891E+01 2.682448E+01 2.680473E+01 
1.186611E+02 1.186611E+02 9.967610E+01 9.967610E+01 9.967610E+01 7.508390E+01 7.508390E+01 4.824306E+01 2.548643E+01 2.454052E+01 2.437359E+01 2.434852E+01 2.434291E+01 2.434053E+01 2.434053E+01 2.434013E+01 
1.534131E+02 1.534131E+02 1.534131E+02 1.534131E+02 1.376342E+02 1.144450E+02 4.794141E+01 1.663540E+01 1.595129E+01 1.591334E+01 1.587214E+01 1.585828E+01 1.585502E+01 1.585441E+01 1.585404E+01 1.585402E+01 
8.457482E+01 8.457482E+01 7.343613E+01 7.343613E+01 7.343613E+01 4.542148E+01 4.447234E+01 3.831275E+01 3.627880E+01 3.538466E+01 3.533891E+01 3.533091E+01 3.532867E+01 3.532706E+01 3.532704E+01 2.714088E+01 
2.662376E+02 2.662376E+02 2.501758E+02 1.448479E+02 1.072368E+02 7.380619E+01 4.469212E+01 4.469212E+01 2.500740E+01 2.416631E+01 2.234590E+01 2.002958E+01 1.985640E+01 1.983641E+01 1.980750E+01 7.344165E+00 
1.819427E+02 7.697225E+01 7.697225E+01 4.875377E+01 4.875377E+01 4.875377E+01 4.875377E+01 3.184189E+01 3.017349E+01 2.997216E+01 2.995927E+01 2.992460E+01 2.990901E+01 2.990717E+01 2.990698E+01 2.990693E+01 
1.081290E+02 1.014567E+02 1.014567E+02 1.014567E+02 1.014567E+02 7.649091E+01 6.654524E+01 5.276637E+01 5.198549E+01 5.187869E+01 5.183992E+01 5.182672E+01 5.181885E+01 5.153197E+01 5.127018E+01 3.166714E+01 
2.156381E+02 1.997729E+02 1.888715E+02 1.639797E+02 1.189052E+02 1.067746E+02 5.847512E+01 4.095746E+01 3.911347E+01 3.901450E+01 3.896916E+01 3.895739E+01 3.894884E+01 3.894463E+01 3.102174E+01 3.100938E+01 
1.017300E+02 1.017300E+02 1.017300E+02 7.616314E+01 4.755257E+01 4.755257E+01 2.664041E+01 2.403132E+01 2.356627E+01 2.332260E+01 2.330149E+01 2.328388E+01 2.327106E+01 2.325826E+01 2.325793E+01 2.242932E+01 
1.986280E+02 1.379304E+02 1.379304E+02 7.977190E+01 7.977190E+01 7.977190E+01 7.977190E+01 3.404591E+01 1.752588E+01 1.731997E+01 1.730119E+01 1.728014E+01 1.727024E+01 1.726260E+01 1.726256E+01 1.726256E+01 
1.715503E+02 1.715503E+02 1.466413E+02 7.601379E+01 6.345377E+01 5.068774E+01 5.068774E+01 4.597109E+01 3.103670E+01 3.067691E+01 3.065115E+01 3.063761E+01 3.063526E+01 3.063448E+01 2.888514E+01 2.738698E+01 
1.734488E+02 1.734488E+02 1.685721E+02 1.685721E+02 1.310797E+02 8.381257E+01 3.926546E+01 2.594539E+01 2.533199E+01 2.523567E+01 2.521503E+01 2.520438E+01 2.519919E+01 2.519386E+01 2.519376E+01 2.519180E+01 
1.261309E+02 1.261309E+02 1.261309E+02 1.261309E+02 1.122303E+02 4.714951E+01 3.758249E+01 3.372635E+01 2.879708E+01 2.376929E+01 2.329743E+01 2.321970E+01 2.321570E+01 2.320766E+01 2.320760E+01 2.140800E+01 
2.259210E+02 1.932045E+02 1.895706E+02 1.378442E+02 9.757125E+01 9.757125E+01 5.898783E+01 3.543257E+01 3.124393E+01 3.122496E+01 3.120189E+01 3.117797E+01 3.116815E+01 3.115661E+01 2.925999E+01 2.924329E+01 
2.137290E+02 1.612219E+02 1.348684E+02 1.022735E+02 8.586326E+01 8.586326E+01 6.643138E+01 4.929263E+01 3.545208E+01 3.531307E+01 3.521891E+01 3.518345E+01 3.514519E+01 3.514109E+01 3.514092E+01 3.514082E+01 
1.656514E+02 1.554211E+02 1.112312E+02 1.112312E+02 7.783231E+01 7.783231E+01 6.184160E+01 4.905298E+01 4.696876E+01 4.650477E+01 4.638323E+01 4.636678E+01 4.635680E+01 4.634099E+01 4.634092E+01 4.633170E+01 
2.059937E+02 2.059937E+02 2.059937E+02 1.546107E+02 8.675688E+01 7.516748E+01 5.543903E+01 2.751198E+01 2.501712E+01 2.479557E+01 2.473258E+01 2.470639E+01 2.469375E+01 2.468881E+01 2.468881E+01 2.468881E+01 
1.347566E+02 1.347566E+02 1.347566E+02 1.175285E+02 1.175285E+02 7.361341E+01 4.235053E+01 3.327389E+01 2.808639E+01 2.730830E+01 2.714620E+01 2.712753E+01 2.712298E+01 2.711420E+01 2.711247E+01 2.711147E+01 
1.161959E+02 8.534602E+01 6.357523E+01 6.292676E+01 6.292676E+01 5.969998E+01 3.013523E+01 2.702040E+01 2.329059E+01 2.018997E+01 2.006444E+01 2.001874E+01 2.000636E+01 1.998774E+01 1.998588E+01 1.998534E+01 
1.903235E+02 1.903235E+02 1.215693E+02 1.075110E+02 1.032944E+02 9.860333E+01 6.226246E+01 2.904178E+01 2.330040E+01 2.322743E+01 2.317627E+01 2.314463E+01 2.314031E+01 2.313915E+01 2.313902E+01 2.313901E+01 
2.287676E+02 1.374137E+02 1.262961E+02 1.199908E+02 1.199908E+02 1.133542E+02 6.331472E+01 5.000159E+01 3.168849E+01 2.942453E+01 2.925411E+01 2.889711E+01 2.877474E+01 2.872820E+01 2.850195E+01 2.842464E+01 
1.775635E+02 1.775635E+02 1.273028E+02 1.273028E+02 8.010707E+01 8.010707E+01 7.025968E+01 6.374655E+01 6.320737E+01 6.301004E+01 6.299305E+01 6.297248E+01 6.296317E+01 6.295825E+01 6.295522E+01 6.295506E+01 
1.517293E+02 1.448954E+02 1.448954E+02 1.221220E+02 1.152371E+02 9.142701E+01 6.036391E+01 2.912324E+01 2.635522E+01 2.612884E+01 2.610151E+01 2.608289E+01 2.607881E+01 2.607012E+01 2.607007E+01 2.606587E+01 
