1.419200E+03 1.419200E+03 1.419200E+03 9.604651E+02 9.604651E+02 9.604651E+02 1.269366E+02 1.269366E+02 1.269366E+02 1.269366E+02 1.269366E+02 1.269366E+02 1.269366E+02 1.269366E+02 1.269366E+02 1.269366E+02 
1.034909E+03 1.034909E+03 1.034909E+03 1.034909E+03 1.034909E+03 1.034909E+03 1.034909E+03 6.223944E+02 6.223944E+02 5.781869E+02 5.781869E+02 5.261605E+02 5.261605E+02 5.261605E+02 5.125454E+02 3.435925E+02 
1.683080E+03 8.442054E+02 8.442054E+02 8.442054E+02 8.442054E+02 8.442054E+02 8.442054E+02 8.442054E+02 8.359286E+02 8.359286E+02 8.359286E+02 7.295856E+02 3.619601E+02 3.619601E+02 3.619601E+02 3.223098E+02 
7.885476E+02 7.885476E+02 7.885476E+02 7.885476E+02 7.042046E+02 7.042046E+02 7.042046E+02 6.053041E+02 4.007083E+02 4.007083E+02 4.007083E+02 4.007083E+02 4.007083E+02 4.007083E+02 3.064413E+02 3.064413E+02 
9.114739E+02 9.114739E+02 7.306836E+02 7.306836E+02 7.306836E+02 7.306836E+02 5.822485E+02 5.822485E+02 5.822485E+02 5.822485E+02 5.822485E+02 5.822485E+02 4.341560E+02 4.341560E+02 4.321162E+02 2.489818E+02 
3.087026E+02 3.087026E+02 3.087026E+02 3.087026E+02 3.087026E+02 3.087026E+02 3.019728E+02 3.019728E+02 3.019728E+02 3.019728E+02 3.019728E+02 3.019728E+02 3.019728E+02 3.019728E+02 2.240351E+02 2.240351E+02 
4.594009E+03 4.594009E+03 7.446762E+02 7.446762E+02 7.446762E+02 7.446762E+02 4.265912E+02 4.265912E+02 4.265912E+02 4.265912E+02 4.265912E+02 4.265912E+02 4.265912E+02 4.265912E+02 4.265912E+02 3.756989E+02 
1.004880E+03 1.004880E+03 1.004880E+03 1.004880E+03 8.197972E+02 2.572020E+02 2.572020E+02 2.572020E+02 2.572020E+02 2.572020E+02 2.572020E+02 2.572020E+02 2.572020E+02 2.572020E+02 2.572020E+02 2.572020E+02 
3.673827E+03 3.469403E+03 4.979023E+02 4.979023E+02 4.979023E+02 4.979023E+02 4.979023E+02 4.979023E+02 4.979023E+02 4.979023E+02 4.386907E+02 4.386907E+02 4.386907E+02 4.386907E+02 2.350164E+02 2.350164E+02 
2.774481E+03 2.774481E+03 2.774481E+03 2.774481E+03 1.316858E+03 7.057922E+02 7.057922E+02 5.807481E+02 4.318020E+02 4.318020E+02 4.318020E+02 4.318020E+02 2.202977E+02 2.202977E+02 2.202977E+02 2.182597E+02 
7.877841E+02 7.877841E+02 7.877841E+02 7.877841E+02 7.877841E+02 7.877841E+02 7.877841E+02 7.877841E+02 7.249234E+02 7.249234E+02 7.249234E+02 6.641976E+02 4.897464E+02 3.974792E+02 3.974792E+02 3.974792E+02 
9.116382E+02 9.116382E+02 9.116382E+02 4.653793E+02 4.653793E+02 4.065242E+02 3.930769E+02 3.930769E+02 3.930769E+02 3.930769E+02 3.930769E+02 3.930769E+02 3.930769E+02 3.930769E+02 3.930769E+02 3.051714E+02 
1.049455E+03 1.049455E+03 1.049455E+03 1.049455E+03 1.039892E+03 6.195871E+02 6.195871E+02 5.944151E+02 5.944151E+02 5.944151E+02 5.944151E+02 5.944151E+02 5.944151E+02 4.543113E+02 3.737471E+02 3.737471E+02 
4.320842E+03 1.052853E+03 1.052853E+03 1.052853E+03 1.026266E+03 1.026266E+03 8.316327E+02 4.413659E+02 4.413659E+02 4.413659E+02 4.413659E+02 4.413659E+02 3.036710E+02 2.196390E+02 2.196390E+02 2.196390E+02 
5.125046E+03 5.125046E+03 1.528056E+03 1.528056E+03 1.528056E+03 5.895086E+02 5.895086E+02 5.895086E+02 5.870032E+02 2.010505E+02 2.010505E+02 2.010505E+02 2.010505E+02 2.010505E+02 2.010505E+02 2.010505E+02 
8.085130E+02 8.085130E+02 8.085130E+02 8.085130E+02 8.085130E+02 8.085130E+02 7.876785E+02 5.592401E+02 5.592401E+02 5.592401E+02 4.765427E+02 4.765427E+02 4.765427E+02 4.765427E+02 4.765427E+02 4.765427E+02 
1.077326E+03 1.077326E+03 1.077326E+03 1.077326E+03 8.708338E+02 8.708338E+02 8.708338E+02 7.483807E+02 7.483807E+02 7.483807E+02 5.815336E+02 5.815336E+02 3.412728E+02 3.412728E+02 3.412728E+02 3.412728E+02 
9.224639E+02 9.224639E+02 9.224639E+02 9.224639E+02 9.224639E+02 9.224639E+02 7.148312E+02 3.781633E+02 3.781633E+02 3.781633E+02 3.781633E+02 3.781633E+02 3.781633E+02 3.781633E+02 3.781633E+02 3.373860E+02 
1.045568E+03 1.045568E+03 1.045568E+03 1.045568E+03 1.045568E+03 1.045568E+03 9.008062E+02 3.131725E+02 3.131725E+02 3.131725E+02 3.131725E+02 3.131725E+02 3.131725E+02 3.131725E+02 3.131725E+02 3.131725E+02 
2.865893E+02 2.865893E+02 2.865893E+02 2.865893E+02 2.865893E+02 2.865893E+02 2.865893E+02 2.865893E+02 2.865893E+02 2.539643E+02 2.539643E+02 2.539643E+02 2.539643E+02 2.539643E+02 2.539643E+02 1.574801E+02 
2.616350E+03 1.511138E+03 1.511138E+03 1.511138E+03 1.511138E+03 5.418243E+02 5.418243E+02 4.700490E+02 4.700490E+02 4.700490E+02 4.700490E+02 4.700490E+02 3.943174E+02 3.763179E+02 3.763179E+02 3.763179E+02 
7.118580E+02 7.118580E+02 7.118580E+02 7.118580E+02 7.118580E+02 7.118580E+02 7.118580E+02 5.239944E+02 5.239944E+02 5.239944E+02 5.239944E+02 3.590309E+02 3.590309E+02 3.590309E+02 3.590309E+02 3.089466E+02 
1.353098E+03 1.353098E+03 1.353098E+03 1.353098E+03 1.353098E+03 9.597339E+02 9.597339E+02 6.198426E+02 4.905603E+02 4.905603E+02 4.905603E+02 4.905603E+02 4.905603E+02 4.677545E+02 2.070145E+02 2.070145E+02 
7.686651E+02 7.686651E+02 4.391526E+02 4.391526E+02 4.391526E+02 4.391526E+02 4.391526E+02 4.391526E+02 4.391526E+02 4.391526E+02 2.588686E+02 2.588686E+02 2.588686E+02 2.235694E+02 2.235694E+02 2.235694E+02 
1.114066E+04 1.114066E+04 6.787916E+03 6.787916E+03 6.358840E+02 6.358840E+02 6.358840E+02 6.358840E+02 5.863658E+02 5.863658E+02 5.863658E+02 5.863658E+02 5.863658E+02 3.460493E+02 3.460493E+02 3.460493E+02 
1.735177E+03 1.735177E+03 1.735177E+03 9.445739E+02 9.445739E+02 7.926117E+02 7.926117E+02 5.781654E+02 5.781654E+02 5.781654E+02 5.781654E+02 5.781654E+02 5.781654E+02 4.698963E+02 1.831867E+02 1.831867E+02 
1.461266E+03 9.721908E+02 9.721908E+02 9.721908E+02 9.721908E+02 9.721908E+02 9.024907E+02 8.059377E+02 8.059377E+02 8.059377E+02 7.131493E+02 7.131493E+02 6.662470E+02 3.084617E+02 3.084617E+02 3.084617E+02 
6.078481E+02 6.078481E+02 6.078481E+02 6.078481E+02 6.078481E+02 6.078481E+02 6.078481E+02 6.078481E+02 3.949469E+02 3.949469E+02 3.949469E+02 3.949469E+02 2.580870E+02 2.580870E+02 2.580870E+02 2.580870E+02 
7.809128E+02 7.809128E+02 7.809128E+02 7.809128E+02 7.809128E+02 6.911565E+02 6.911565E+02 5.137166E+02 5.137166E+02 5.137166E+02 5.137166E+02 5.066498E+02 5.066498E+02 5.062266E+02 5.062266E+02 4.605142E+02 
4.403432E+04 1.482093E+04 4.651101E+03 2.350694E+03 8.516054E+02 8.516054E+02 8.516054E+02 5.282427E+02 5.282427E+02 5.282427E+02 5.282427E+02 5.282427E+02 5.282427E+02 5.282427E+02 3.056481E+02 2.506778E+02 
