1.005160E+04 9.456216E+03 9.456216E+03 9.456216E+03 9.456216E+03 5.867292E+03 5.867292E+03 5.867292E+03 5.264300E+03 5.264300E+03 5.264300E+03 5.028333E+03 5.028333E+03 5.028333E+03 5.028333E+03 4.358436E+03 
1.354857E+04 1.354857E+04 7.130165E+03 7.130165E+03 7.130165E+03 7.100055E+03 7.100055E+03 5.349804E+03 5.349804E+03 5.349804E+03 5.349804E+03 5.349804E+03 5.002539E+03 5.002539E+03 4.566253E+03 4.566253E+03 
8.500777E+03 8.500777E+03 8.500777E+03 8.500777E+03 8.500777E+03 7.800615E+03 7.800615E+03 7.203930E+03 5.118203E+03 5.118203E+03 5.118203E+03 4.539436E+03 4.539436E+03 4.279406E+03 4.279406E+03 4.279406E+03 
1.372997E+04 1.139982E+04 9.273030E+03 9.273030E+03 9.273030E+03 9.273030E+03 5.980617E+03 5.980617E+03 4.735129E+03 4.735129E+03 4.735129E+03 4.735129E+03 4.735129E+03 4.735129E+03 4.735129E+03 4.735129E+03 
7.474372E+03 7.474372E+03 7.474372E+03 7.474372E+03 7.474372E+03 7.474372E+03 7.474372E+03 6.771946E+03 5.755879E+03 5.755879E+03 5.755879E+03 5.468415E+03 5.468415E+03 5.468415E+03 4.872630E+03 4.872630E+03 
1.094119E+04 1.029344E+04 7.737374E+03 7.737374E+03 7.737374E+03 7.737374E+03 7.651280E+03 6.725957E+03 5.629448E+03 5.236065E+03 5.236065E+03 5.236065E+03 5.168736E+03 5.122900E+03 5.122900E+03 5.122900E+03 
6.468154E+03 5.439718E+03 5.439718E+03 5.439718E+03 5.439718E+03 5.439718E+03 5.304327E+03 5.304327E+03 5.304327E+03 4.760207E+03 4.760207E+03 4.760207E+03 4.760207E+03 4.215846E+03 4.154918E+03 3.914077E+03 
7.368570E+03 4.841014E+03 4.841014E+03 4.841014E+03 4.841014E+03 4.841014E+03 4.841014E+03 4.841014E+03 4.841014E+03 4.755714E+03 4.755714E+03 4.222561E+03 4.222561E+03 4.222561E+03 4.222561E+03 4.222561E+03 
9.116002E+03 8.103359E+03 8.103359E+03 8.103359E+03 8.101600E+03 8.101600E+03 6.050802E+03 6.050802E+03 6.050802E+03 6.013474E+03 6.013474E+03 5.846976E+03 5.846976E+03 5.846976E+03 5.189942E+03 5.189942E+03 
9.466196E+03 7.548668E+03 7.548668E+03 7.548668E+03 6.707600E+03 4.884989E+03 4.884989E+03 4.884989E+03 4.884989E+03 4.884989E+03 4.884989E+03 4.884989E+03 4.884989E+03 4.545437E+03 4.545437E+03 4.503875E+03 
8.670621E+03 8.670621E+03 8.670621E+03 6.821986E+03 6.821986E+03 6.821986E+03 6.821986E+03 6.629185E+03 5.595066E+03 5.595066E+03 5.595066E+03 5.419603E+03 5.419603E+03 5.039866E+03 5.039866E+03 4.092324E+03 
9.928964E+03 6.909334E+03 6.909334E+03 6.909334E+03 6.909334E+03 6.909334E+03 6.909334E+03 5.781300E+03 5.781300E+03 5.781300E+03 5.396026E+03 5.251179E+03 4.760039E+03 4.760039E+03 4.742145E+03 4.742145E+03 
8.488463E+03 8.488463E+03 8.488463E+03 8.488463E+03 8.488463E+03 7.631997E+03 7.631997E+03 5.597925E+03 4.360140E+03 4.360140E+03 4.360140E+03 4.360140E+03 4.360140E+03 4.360140E+03 4.360140E+03 4.360140E+03 
1.189676E+04 4.847490E+03 4.847490E+03 4.847490E+03 4.847490E+03 4.847490E+03 4.205916E+03 4.205916E+03 4.205916E+03 4.205916E+03 4.205916E+03 4.205916E+03 4.205916E+03 4.205916E+03 4.120215E+03 4.120215E+03 
1.059982E+04 9.865986E+03 9.865986E+03 9.865986E+03 9.865986E+03 9.865986E+03 5.657113E+03 5.657113E+03 5.657113E+03 5.275701E+03 5.275701E+03 5.275701E+03 5.275701E+03 5.205602E+03 4.729380E+03 4.729380E+03 
8.488758E+03 8.488758E+03 8.488758E+03 8.470198E+03 7.976583E+03 7.976583E+03 7.916316E+03 4.974341E+03 4.974341E+03 4.974341E+03 4.974341E+03 4.974341E+03 4.974341E+03 4.974341E+03 4.974341E+03 4.974341E+03 
8.667465E+03 7.473209E+03 7.473209E+03 6.836072E+03 6.836072E+03 6.836072E+03 6.836072E+03 6.445206E+03 6.445206E+03 5.767639E+03 5.751080E+03 5.333345E+03 5.333345E+03 5.333345E+03 4.830945E+03 4.830945E+03 
7.154901E+03 6.257483E+03 6.257483E+03 6.257483E+03 6.257483E+03 6.257483E+03 6.257483E+03 6.257483E+03 6.227969E+03 6.227969E+03 6.134814E+03 5.881822E+03 5.881822E+03 5.473177E+03 5.405341E+03 4.534731E+03 
7.978330E+03 7.978330E+03 7.978330E+03 7.246223E+03 7.246223E+03 6.923070E+03 5.781042E+03 5.781042E+03 5.781042E+03 4.782507E+03 4.782507E+03 4.782507E+03 4.270282E+03 4.270282E+03 4.270282E+03 4.270282E+03 
9.538951E+03 9.538951E+03 9.538951E+03 7.010642E+03 7.010642E+03 7.010642E+03 7.002324E+03 6.023644E+03 6.023644E+03 6.023644E+03 5.630150E+03 5.630150E+03 5.524798E+03 4.739776E+03 4.739776E+03 4.739776E+03 
6.901007E+03 6.901007E+03 6.901007E+03 6.901007E+03 5.667737E+03 5.667737E+03 5.667737E+03 5.667737E+03 5.273772E+03 5.273772E+03 5.273772E+03 5.273772E+03 5.273772E+03 5.225435E+03 3.901013E+03 3.901013E+03 
9.948659E+03 8.065748E+03 8.065748E+03 8.065748E+03 8.065748E+03 8.065748E+03 8.065748E+03 4.832394E+03 4.832394E+03 4.832394E+03 4.832394E+03 4.832394E+03 4.552672E+03 4.552672E+03 4.341114E+03 4.283795E+03 
1.027476E+04 1.027476E+04 9.823528E+03 9.823528E+03 9.823528E+03 7.333973E+03 7.333973E+03 7.333973E+03 6.450377E+03 5.240792E+03 5.193100E+03 5.193100E+03 5.193100E+03 4.891266E+03 4.891266E+03 4.891266E+03 
1.324616E+04 9.379763E+03 9.379763E+03 5.920754E+03 5.920754E+03 5.920754E+03 5.920754E+03 5.920754E+03 4.907096E+03 4.907096E+03 4.907096E+03 4.907096E+03 4.907096E+03 4.907096E+03 4.907096E+03 4.907096E+03 
9.558731E+03 8.323068E+03 6.190978E+03 6.190978E+03 6.190978E+03 5.510095E+03 5.510095E+03 5.365347E+03 5.365347E+03 5.365347E+03 5.286232E+03 4.447607E+03 4.447607E+03 4.447607E+03 4.447607E+03 4.447607E+03 
1.162155E+04 7.788608E+03 7.788608E+03 7.788608E+03 7.788608E+03 7.708883E+03 7.702486E+03 5.921043E+03 4.823984E+03 4.823984E+03 4.823984E+03 4.823984E+03 4.823984E+03 4.823984E+03 4.191272E+03 4.191272E+03 
9.495632E+03 9.495632E+03 9.495632E+03 9.495632E+03 8.891061E+03 8.353343E+03 5.274915E+03 5.274915E+03 5.274915E+03 5.274915E+03 5.274915E+03 5.274915E+03 4.880537E+03 4.880537E+03 4.880537E+03 4.880537E+03 
7.975004E+03 7.243540E+03 7.243540E+03 6.575356E+03 6.575356E+03 4.539685E+03 4.539685E+03 4.539685E+03 4.539685E+03 4.539685E+03 4.539685E+03 4.539685E+03 4.539685E+03 4.539685E+03 4.539685E+03 4.377526E+03 
1.040118E+04 8.543553E+03 8.543553E+03 5.538651E+03 4.369939E+03 4.369939E+03 4.369939E+03 4.369939E+03 4.369939E+03 4.369939E+03 4.369939E+03 4.369939E+03 4.369939E+03 4.369939E+03 4.369939E+03 4.369939E+03 
9.864956E+03 7.199163E+03 7.199163E+03 7.199163E+03 7.199163E+03 7.199163E+03 7.199163E+03 5.684641E+03 5.684641E+03 5.662436E+03 5.398798E+03 5.398798E+03 4.718791E+03 4.718791E+03 4.718791E+03 4.527954E+03 
