3.978260E+02 3.230108E+02 2.708753E+02 2.549561E+02 2.074997E+02 2.056495E+02 2.044387E+02 2.020223E+02 2.015628E+02 2.013567E+02 1.634993E+02 1.634949E+02 1.634949E+02 1.625674E+02 1.625674E+02 1.625674E+02 
3.339486E+02 1.854645E+02 1.797622E+02 1.778631E+02 1.699810E+02 1.685608E+02 1.679708E+02 1.676413E+02 1.676259E+02 1.676245E+02 1.676243E+02 1.625755E+02 1.625674E+02 1.625674E+02 1.625674E+02 1.614049E+02 
6.151927E+02 4.181969E+02 3.047368E+02 2.986916E+02 2.848179E+02 2.640002E+02 2.300891E+02 2.272234E+02 2.259276E+02 2.247955E+02 1.704669E+02 1.639554E+02 1.638783E+02 1.638781E+02 1.614049E+02 1.614049E+02 
3.072326E+02 1.934300E+02 1.759868E+02 1.731352E+02 1.683901E+02 1.679234E+02 1.678421E+02 1.676654E+02 1.676263E+02 1.676251E+02 1.643673E+02 1.643042E+02 1.642757E+02 1.642734E+02 1.642727E+02 1.642700E+02 
3.044277E+02 1.949252E+02 1.879898E+02 1.821275E+02 1.763428E+02 1.693750E+02 1.692589E+02 1.690168E+02 1.689334E+02 1.688529E+02 1.666620E+02 1.652143E+02 1.639787E+02 1.639245E+02 1.614049E+02 1.614049E+02 
3.149974E+02 2.527116E+02 2.200556E+02 1.963902E+02 1.754437E+02 1.667757E+02 1.660839E+02 1.659246E+02 1.658545E+02 1.658278E+02 1.639185E+02 1.638838E+02 1.638800E+02 1.638785E+02 1.635190E+02 1.614049E+02 
3.372992E+02 2.062968E+02 1.822282E+02 1.753813E+02 1.704816E+02 1.695179E+02 1.686137E+02 1.681651E+02 1.671785E+02 1.669787E+02 1.669280E+02 1.669272E+02 1.669271E+02 1.669270E+02 1.669270E+02 1.669270E+02 
4.022520E+02 2.118582E+02 1.757409E+02 1.665089E+02 1.648724E+02 1.646740E+02 1.638631E+02 1.630471E+02 1.625895E+02 1.625674E+02 1.625674E+02 1.625674E+02 1.625674E+02 1.625674E+02 1.625674E+02 1.625674E+02 
4.062667E+02 2.701376E+02 2.340378E+02 2.222830E+02 1.981484E+02 1.729052E+02 1.728281E+02 1.727605E+02 1.724262E+02 1.721638E+02 1.705301E+02 1.704936E+02 1.674492E+02 1.634777E+02 1.634777E+02 1.634777E+02 
3.697647E+02 2.529371E+02 2.375605E+02 2.364267E+02 2.354034E+02 2.353552E+02 2.351122E+02 2.350410E+02 2.350362E+02 2.350358E+02 2.350358E+02 2.350358E+02 2.350358E+02 1.679767E+02 1.649311E+02 1.649310E+02 
3.954116E+02 2.396432E+02 1.945914E+02 1.742292E+02 1.727733E+02 1.727457E+02 1.725150E+02 1.715263E+02 1.709815E+02 1.681335E+02 1.674048E+02 1.673889E+02 1.614049E+02 1.614049E+02 1.614049E+02 1.614049E+02 
3.396086E+02 2.300484E+02 2.124070E+02 1.955947E+02 1.760004E+02 1.689548E+02 1.674480E+02 1.670336E+02 1.669083E+02 1.668667E+02 1.665747E+02 1.665733E+02 1.665733E+02 1.665733E+02 1.665733E+02 1.652134E+02 
4.188632E+02 2.065146E+02 1.813140E+02 1.726552E+02 1.672577E+02 1.649809E+02 1.642948E+02 1.638320E+02 1.637405E+02 1.637070E+02 1.637066E+02 1.637064E+02 1.637060E+02 1.637060E+02 1.637059E+02 1.637058E+02 
3.056599E+02 2.139839E+02 1.971811E+02 1.708176E+02 1.671465E+02 1.663481E+02 1.662062E+02 1.655904E+02 1.652719E+02 1.652179E+02 1.652127E+02 1.652126E+02 1.652126E+02 1.652126E+02 1.639245E+02 1.614353E+02 
3.019151E+02 2.114328E+02 1.786931E+02 1.710139E+02 1.694358E+02 1.691863E+02 1.690298E+02 1.687887E+02 1.672604E+02 1.668906E+02 1.666620E+02 1.652130E+02 1.638800E+02 1.614049E+02 1.614049E+02 1.614049E+02 
3.766643E+02 2.884550E+02 2.328805E+02 1.881899E+02 1.865283E+02 1.857459E+02 1.798657E+02 1.723306E+02 1.714366E+02 1.711212E+02 1.638155E+02 1.637149E+02 1.637149E+02 1.637149E+02 1.637149E+02 1.621450E+02 
3.555088E+02 2.426792E+02 2.166634E+02 1.951237E+02 1.839690E+02 1.783790E+02 1.777594E+02 1.765716E+02 1.764115E+02 1.763601E+02 1.649760E+02 1.649759E+02 1.649759E+02 1.649759E+02 1.649759E+02 1.649759E+02 
3.868897E+02 1.901506E+02 1.759775E+02 1.709363E+02 1.696377E+02 1.689163E+02 1.681726E+02 1.676751E+02 1.675848E+02 1.675846E+02 1.675846E+02 1.675846E+02 1.675846E+02 1.675846E+02 1.675846E+02 1.649759E+02 
2.617539E+02 2.030694E+02 1.855296E+02 1.761016E+02 1.711563E+02 1.705886E+02 1.696829E+02 1.690453E+02 1.689220E+02 1.688807E+02 1.654313E+02 1.642752E+02 1.638856E+02 1.634950E+02 1.614049E+02 1.614049E+02 
3.850904E+02 2.750118E+02 2.318880E+02 1.905657E+02 1.685265E+02 1.651940E+02 1.645435E+02 1.637649E+02 1.635455E+02 1.634957E+02 1.614054E+02 1.614049E+02 1.614049E+02 1.614049E+02 1.614049E+02 1.614049E+02 
3.850063E+02 2.109989E+02 1.787677E+02 1.732627E+02 1.701435E+02 1.689760E+02 1.687158E+02 1.676478E+02 1.672772E+02 1.671066E+02 1.652127E+02 1.652126E+02 1.652126E+02 1.652126E+02 1.652126E+02 1.652126E+02 
3.811052E+02 2.158061E+02 1.793930E+02 1.715135E+02 1.698887E+02 1.695146E+02 1.693152E+02 1.689223E+02 1.678743E+02 1.673220E+02 1.654055E+02 1.648524E+02 1.645400E+02 1.614354E+02 1.614353E+02 1.614353E+02 
3.686142E+02 2.483706E+02 2.075600E+02 1.867273E+02 1.687955E+02 1.679884E+02 1.677829E+02 1.675587E+02 1.674449E+02 1.674169E+02 1.634779E+02 1.634777E+02 1.634777E+02 1.634777E+02 1.634777E+02 1.626540E+02 
3.318877E+02 1.952635E+02 1.893142E+02 1.876391E+02 1.869779E+02 1.860381E+02 1.858061E+02 1.855179E+02 1.854576E+02 1.849499E+02 1.677532E+02 1.677530E+02 1.649759E+02 1.649759E+02 1.649759E+02 1.649759E+02 
4.290587E+02 2.280787E+02 1.952299E+02 1.751992E+02 1.726196E+02 1.719679E+02 1.690568E+02 1.676756E+02 1.674673E+02 1.674078E+02 1.635000E+02 1.634777E+02 1.634777E+02 1.634777E+02 1.634777E+02 1.634777E+02 
4.051047E+02 2.441298E+02 2.194398E+02 1.812552E+02 1.698175E+02 1.697349E+02 1.693684E+02 1.689372E+02 1.686355E+02 1.682521E+02 1.666623E+02 1.652129E+02 1.652126E+02 1.652126E+02 1.614353E+02 1.614353E+02 
3.476877E+02 2.138594E+02 1.967946E+02 1.776031E+02 1.727584E+02 1.710485E+02 1.704129E+02 1.692509E+02 1.684297E+02 1.681879E+02 1.640175E+02 1.615932E+02 1.614049E+02 1.614049E+02 1.614049E+02 1.614049E+02 
4.933223E+02 3.425225E+02 2.174682E+02 1.730327E+02 1.687005E+02 1.667971E+02 1.661448E+02 1.657245E+02 1.652542E+02 1.650962E+02 1.593951E+02 1.593701E+02 1.593688E+02 1.593688E+02 1.593688E+02 1.593688E+02 
5.071547E+02 2.116286E+02 1.874784E+02 1.782829E+02 1.723473E+02 1.723209E+02 1.719450E+02 1.709999E+02 1.705769E+02 1.705456E+02 1.630817E+02 1.629323E+02 1.629296E+02 1.629259E+02 1.629195E+02 1.629195E+02 
2.302787E+02 1.921245E+02 1.803552E+02 1.723448E+02 1.676921E+02 1.669462E+02 1.663351E+02 1.654979E+02 1.654875E+02 1.654875E+02 1.614754E+02 1.614049E+02 1.614049E+02 1.614049E+02 1.614049E+02 1.614049E+02 
