6.074928E+01 6.074928E+01 6.074928E+01 6.074928E+01 6.074928E+01 6.074928E+01 6.074928E+01 5.748525E+01 5.748525E+01 5.564615E+01 5.490287E+01 5.174022E+01 3.640943E+01 3.640943E+01 3.640943E+01 3.640943E+01 
6.120551E+01 6.120551E+01 6.120551E+01 6.120551E+01 5.826815E+01 4.986455E+01 4.986455E+01 4.986455E+01 4.986455E+01 4.986455E+01 4.696801E+01 4.696801E+01 4.696801E+01 3.322001E+01 3.322001E+01 3.322001E+01 
8.597098E+01 8.407619E+01 5.539244E+01 5.539244E+01 5.539244E+01 5.539244E+01 5.539244E+01 5.539244E+01 5.166296E+01 4.595104E+01 4.595104E+01 4.595104E+01 4.595104E+01 4.595104E+01 3.745418E+01 3.745418E+01 
8.822093E+01 8.822093E+01 5.563300E+01 5.563300E+01 5.563300E+01 5.563300E+01 5.563300E+01 4.997450E+01 4.222127E+01 4.222127E+01 4.222127E+01 4.222127E+01 4.222127E+01 4.222127E+01 4.222127E+01 3.742383E+01 
6.811016E+01 6.811016E+01 6.811016E+01 6.811016E+01 6.811016E+01 6.811016E+01 6.811016E+01 6.811016E+01 4.820036E+01 4.820036E+01 4.820036E+01 4.300945E+01 4.300945E+01 4.300945E+01 4.300945E+01 3.657778E+01 
9.142841E+01 8.693801E+01 6.904175E+01 6.904175E+01 6.183466E+01 5.694368E+01 5.694368E+01 4.686664E+01 4.686664E+01 4.686664E+01 4.459959E+01 4.295851E+01 4.295851E+01 4.295851E+01 4.295851E+01 4.295851E+01 
7.968592E+01 7.968592E+01 6.834701E+01 6.834701E+01 6.408462E+01 6.408462E+01 6.408462E+01 3.787881E+01 3.787881E+01 3.787881E+01 3.787881E+01 3.787881E+01 3.787881E+01 3.787881E+01 3.787881E+01 3.682909E+01 
8.488882E+01 8.488882E+01 6.021189E+01 6.021189E+01 6.021189E+01 6.021189E+01 6.021189E+01 5.831165E+01 5.060683E+01 4.508399E+01 4.244116E+01 4.244116E+01 4.244116E+01 4.244116E+01 4.244116E+01 4.244116E+01 
5.771777E+01 5.771777E+01 5.771777E+01 5.771777E+01 5.771777E+01 5.276103E+01 5.197520E+01 5.197520E+01 5.197520E+01 5.197520E+01 5.197520E+01 4.784022E+01 4.587359E+01 4.587359E+01 4.339170E+01 4.015309E+01 
5.337165E+01 5.337165E+01 5.337165E+01 5.337165E+01 5.337165E+01 5.337165E+01 5.337165E+01 5.337165E+01 4.122517E+01 4.122517E+01 4.122517E+01 4.122517E+01 4.122517E+01 4.122517E+01 4.122517E+01 3.678356E+01 
9.568470E+01 9.568470E+01 8.875092E+01 7.553144E+01 6.954388E+01 6.954388E+01 6.954388E+01 6.114834E+01 4.846897E+01 3.722952E+01 3.722952E+01 3.722952E+01 3.722952E+01 3.513544E+01 3.325018E+01 3.325018E+01 
3.961820E+01 3.961820E+01 3.961820E+01 3.961820E+01 3.961820E+01 3.961820E+01 3.961820E+01 3.961820E+01 3.961820E+01 3.961820E+01 3.961820E+01 3.961820E+01 3.961820E+01 3.961820E+01 3.961820E+01 3.961820E+01 
8.379187E+01 8.379187E+01 7.219935E+01 7.132463E+01 5.995864E+01 5.573063E+01 5.573063E+01 5.182266E+01 5.182266E+01 5.182266E+01 5.182266E+01 4.837395E+01 4.706423E+01 4.496460E+01 4.496460E+01 4.496460E+01 
1.047918E+02 6.389787E+01 6.389787E+01 6.281415E+01 6.281415E+01 6.281415E+01 4.680341E+01 4.680341E+01 4.680341E+01 4.680341E+01 4.175796E+01 4.175796E+01 4.175796E+01 4.175796E+01 3.846166E+01 3.846166E+01 
7.174521E+01 7.174521E+01 6.533896E+01 6.444202E+01 6.444202E+01 6.444202E+01 5.983095E+01 5.945264E+01 4.636739E+01 4.636739E+01 4.583637E+01 4.494271E+01 4.256899E+01 4.256899E+01 3.152693E+01 3.152693E+01 
8.267615E+01 8.267615E+01 7.024477E+01 7.024477E+01 7.024477E+01 5.941460E+01 5.941460E+01 5.236265E+01 4.922521E+01 4.922521E+01 4.922521E+01 4.922521E+01 4.315848E+01 4.062169E+01 4.062169E+01 4.062169E+01 
5.971469E+01 4.918764E+01 4.918764E+01 4.918764E+01 4.918764E+01 4.918764E+01 4.918764E+01 4.918764E+01 4.918764E+01 4.867704E+01 4.867704E+01 4.468780E+01 4.468780E+01 4.468780E+01 4.453548E+01 4.453548E+01 
6.703084E+01 6.703084E+01 6.475102E+01 6.475102E+01 6.377632E+01 5.316441E+01 5.316441E+01 5.316441E+01 4.185953E+01 4.185953E+01 4.185953E+01 4.185953E+01 4.185953E+01 4.185953E+01 4.185953E+01 4.185953E+01 
7.922921E+01 7.922921E+01 6.389230E+01 6.389230E+01 6.389230E+01 6.389230E+01 6.389230E+01 5.541786E+01 5.318312E+01 5.209580E+01 3.830033E+01 3.830033E+01 3.830033E+01 3.830033E+01 3.830033E+01 3.583707E+01 
9.325527E+01 9.325527E+01 7.685720E+01 6.832386E+01 4.255542E+01 4.255542E+01 4.255542E+01 4.255542E+01 4.255542E+01 4.255542E+01 4.255542E+01 4.255542E+01 4.255542E+01 4.255542E+01 4.255542E+01 4.255542E+01 
6.672449E+01 6.672449E+01 6.672449E+01 6.672449E+01 6.117199E+01 6.117199E+01 6.117199E+01 4.934093E+01 4.934093E+01 4.779735E+01 4.779735E+01 4.758348E+01 4.179469E+01 4.113001E+01 2.775203E+01 2.775203E+01 
9.070360E+01 8.811256E+01 7.380616E+01 7.369302E+01 5.324381E+01 5.324381E+01 3.971179E+01 3.971179E+01 3.971179E+01 3.971179E+01 3.971179E+01 3.971179E+01 3.971179E+01 3.971179E+01 3.971179E+01 3.491021E+01 
8.433967E+01 8.433967E+01 6.781349E+01 6.781349E+01 5.524702E+01 5.524702E+01 5.524702E+01 5.524702E+01 5.417625E+01 4.975170E+01 4.205365E+01 4.205365E+01 4.205365E+01 4.205365E+01 4.205365E+01 3.842015E+01 
7.059819E+01 7.059819E+01 6.857874E+01 6.684794E+01 6.202954E+01 4.207631E+01 4.207631E+01 4.207631E+01 4.207631E+01 2.768065E+01 2.768065E+01 2.768065E+01 2.768065E+01 2.768065E+01 2.768065E+01 2.768065E+01 
5.733148E+01 5.733148E+01 5.733148E+01 5.733148E+01 5.733148E+01 5.733148E+01 5.733148E+01 5.618938E+01 4.322296E+01 4.322296E+01 4.322296E+01 4.322296E+01 4.322296E+01 4.322296E+01 4.322296E+01 3.767567E+01 
9.075856E+01 7.932529E+01 7.873214E+01 6.060260E+01 5.121141E+01 5.121141E+01 5.121141E+01 5.121141E+01 5.121141E+01 4.698608E+01 4.698608E+01 3.971203E+01 3.548507E+01 3.548507E+01 3.548507E+01 3.548507E+01 
7.357062E+01 3.789395E+01 3.789395E+01 3.789395E+01 3.789395E+01 3.789395E+01 3.789395E+01 3.789395E+01 3.789395E+01 3.789395E+01 3.789395E+01 3.789395E+01 3.789395E+01 3.789395E+01 3.789395E+01 3.789395E+01 
9.138374E+01 9.138374E+01 7.909195E+01 7.678780E+01 7.678780E+01 6.873751E+01 5.385209E+01 5.385209E+01 5.385209E+01 5.363316E+01 4.827545E+01 4.662342E+01 4.662342E+01 4.662342E+01 4.235528E+01 4.235528E+01 
8.583714E+01 7.473729E+01 5.494541E+01 5.494541E+01 5.494541E+01 5.494541E+01 5.494541E+01 5.494541E+01 5.048058E+01 5.048058E+01 4.742210E+01 4.742210E+01 4.396438E+01 3.658295E+01 3.658295E+01 3.658295E+01 
6.365466E+01 6.365466E+01 5.137660E+01 5.137660E+01 5.137660E+01 5.137660E+01 5.137660E+01 5.137660E+01 5.137660E+01 4.676411E+01 3.921067E+01 3.921067E+01 3.921067E+01 3.921067E+01 3.921067E+01 3.921067E+01 
