6.182052E+06 9.518121E+04 8.163044E+04 7.931329E+04 7.931329E+04 5.834530E+04 4.930765E+04 9.128198E+03 4.155726E+03 1.088788E+03 2.460250E+02 3.711474E-03 3.684906E-03 2.598849E-03 1.918530E-03 1.918530E-03 
2.644502E+05 1.097535E+05 5.612038E+04 5.612038E+04 5.612038E+04 5.280339E+04 3.788811E+04 8.224455E+03 3.125935E+03 9.468219E+02 1.969669E+02 3.286535E-03 3.286535E-03 2.461949E-03 1.979888E-03 1.979888E-03 
1.138180E+05 1.138180E+05 1.047060E+05 7.131292E+04 7.131292E+04 7.131292E+04 6.746998E+04 1.348562E+04 5.672223E+03 1.755888E+03 4.582051E+02 1.203142E-03 1.203142E-03 1.203142E-03 1.203142E-03 1.203142E-03 
1.138120E+05 5.961708E+04 5.961708E+04 5.961708E+04 5.357967E+04 3.033457E+04 3.033457E+04 7.415054E+03 1.621397E+03 3.101508E+02 3.724963E+01 1.524481E-03 1.524481E-03 1.524481E-03 1.524481E-03 1.524481E-03 
8.736817E+05 6.041649E+05 3.534090E+05 1.243776E+05 6.824829E+04 5.546896E+04 4.723102E+04 9.990147E+03 1.949073E+03 4.830462E+02 1.423599E+02 3.632190E-03 3.089511E-03 2.854014E-03 2.786007E-03 2.039931E-03 
2.173711E+07 6.429071E+06 1.007416E+05 1.007416E+05 6.261312E+04 5.360103E+04 5.360103E+04 9.277281E+03 3.411234E+03 4.292757E+02 7.571842E+01 2.463618E-03 2.463618E-03 2.154453E-03 2.154453E-03 1.847850E-03 
9.939052E+04 9.939052E+04 9.939052E+04 9.939052E+04 9.939052E+04 9.939052E+04 6.110977E+04 1.799362E+04 3.254212E+03 8.148105E+02 1.031923E+02 1.604440E-03 1.604440E-03 1.604440E-03 1.604440E-03 1.604440E-03 
7.465842E+07 4.350771E+06 1.011753E+05 1.011753E+05 1.011753E+05 8.697417E+04 6.120837E+04 1.701427E+04 9.612083E+03 5.533340E+03 2.043612E+03 4.823058E+02 1.795238E-03 1.795238E-03 1.680392E-03 1.289081E-03 
2.389501E+06 1.328975E+06 6.812651E+04 6.812651E+04 4.769848E+04 3.545871E+04 3.545871E+04 7.198190E+03 2.812383E+03 1.005157E+03 2.332361E+02 2.265144E-03 2.265144E-03 1.694257E-03 1.694257E-03 1.694257E-03 
1.814012E+06 6.617656E+04 6.617656E+04 6.617656E+04 6.617656E+04 6.617656E+04 6.617656E+04 1.207180E+04 4.278309E+03 8.263976E+02 2.695421E+02 2.793201E-03 2.793201E-03 2.637543E-03 2.595116E-03 2.015936E-03 
1.368432E+06 1.368432E+06 1.063450E+05 8.306199E+04 5.390811E+04 5.390811E+04 5.390811E+04 1.048112E+04 2.943807E+03 1.258067E+03 4.130766E+02 3.472927E-03 3.132847E-03 2.372769E-03 1.978720E-03 1.824048E-03 
5.978751E+05 5.978751E+05 1.017931E+05 1.017931E+05 1.017931E+05 8.828211E+04 2.513495E+04 9.577561E+03 2.707864E+03 9.077066E+02 2.287599E+02 3.399841E-03 2.652329E-03 2.652329E-03 2.068205E-03 1.871474E-03 
1.421677E+05 1.421677E+05 1.401758E+05 7.429769E+04 6.595754E+04 4.421103E+04 2.309782E+04 2.790270E+03 1.210795E+03 2.863101E+02 7.259833E+01 2.502322E-03 2.502322E-03 2.442114E-03 2.442114E-03 1.828976E-03 
2.317472E+07 1.622468E+06 1.025849E+05 1.025849E+05 8.715071E+04 6.310173E+04 6.092776E+04 1.782922E+04 9.514935E+03 2.291474E+03 2.746567E+02 1.202468E-03 1.202468E-03 1.202468E-03 1.202468E-03 1.202468E-03 
5.257496E+05 1.554002E+05 1.235699E+05 6.791208E+04 6.791208E+04 6.791208E+04 6.083138E+04 8.751351E+03 2.370642E+03 5.895820E+02 1.070800E+02 2.076159E-03 2.076159E-03 2.076159E-03 2.076159E-03 1.771897E-03 
7.901520E+04 7.901520E+04 7.901520E+04 7.901520E+04 7.901520E+04 7.901520E+04 4.143123E+04 8.633001E+03 4.510904E+03 8.762331E+02 2.201779E+02 2.146938E-03 2.146938E-03 2.146938E-03 2.146938E-03 2.146938E-03 
3.212088E+05 1.101097E+05 9.912868E+04 9.912868E+04 6.215491E+04 6.215491E+04 3.841098E+04 1.006248E+04 3.435372E+03 1.564842E+03 5.843916E+02 2.627862E-03 2.627862E-03 2.168016E-03 2.034187E-03 1.645257E-03 
4.257848E+05 1.090762E+05 1.090762E+05 8.945155E+04 7.892197E+04 6.246500E+04 4.128806E+04 6.351730E+03 2.462827E+03 5.647385E+02 1.417875E+02 8.965994E-04 8.965994E-04 8.965994E-04 8.965994E-04 8.965994E-04 
5.554253E+05 5.463744E+05 2.754085E+05 8.194282E+04 8.194282E+04 5.255498E+04 4.086093E+04 1.316724E+04 4.377616E+03 2.059213E+03 4.366208E+02 2.910519E-03 2.910519E-03 2.910519E-03 1.737619E-03 1.737619E-03 
6.958377E+05 6.958377E+05 1.119357E+05 7.736059E+04 5.928715E+04 3.954623E+04 3.954623E+04 7.159479E+03 3.860521E+03 7.138681E+02 1.552000E+02 2.610040E-03 2.610040E-03 2.120229E-03 1.952575E-03 1.356471E-03 
2.592027E+08 9.811720E+04 9.677739E+04 9.677739E+04 9.677739E+04 6.019261E+04 5.668780E+04 1.869759E+04 6.275856E+03 3.326430E+03 1.573967E+03 2.988459E+02 2.906490E-03 2.521552E-03 2.311150E-03 2.239429E-03 
7.170085E+04 7.170085E+04 7.170085E+04 7.170085E+04 7.170085E+04 6.755461E+04 3.733563E+04 4.258000E+03 1.157924E+03 3.551012E+02 4.492632E+01 4.917674E-03 3.485352E-03 2.675810E-03 2.365041E-03 2.276152E-03 
2.096282E+05 7.758423E+04 7.758423E+04 7.758423E+04 7.758423E+04 6.064942E+04 4.337908E+04 1.037698E+04 4.391812E+03 1.579919E+03 9.381531E+02 1.596984E+00 2.587885E-03 2.587885E-03 2.272364E-03 1.839210E-03 
1.047130E+05 1.047130E+05 1.047130E+05 1.047130E+05 6.371029E+04 4.219595E+04 4.219595E+04 1.113633E+04 5.843511E+03 2.739251E+03 5.239526E+02 4.584326E-03 1.609748E-03 1.609748E-03 1.456082E-03 1.456082E-03 
4.619754E+04 4.619754E+04 4.619754E+04 4.619754E+04 4.619754E+04 4.619754E+04 2.684193E+04 3.051281E+03 7.611435E+02 1.784268E+02 4.374397E+01 1.774236E-03 1.774236E-03 1.774236E-03 1.578343E-03 1.578343E-03 
8.001659E+04 8.001659E+04 8.001659E+04 8.001659E+04 8.001659E+04 6.896116E+04 3.917432E+04 1.130703E+04 3.791641E+03 1.754258E+03 8.480442E+02 8.933155E+00 3.214145E-03 2.786935E-03 2.424239E-03 2.201346E-03 
7.714674E+04 7.714674E+04 5.679347E+04 5.679347E+04 5.679347E+04 4.941214E+04 4.941214E+04 1.417857E+04 5.467134E+03 1.838459E+03 5.002407E+02 3.736624E-03 1.356126E-03 1.356126E-03 1.356126E-03 1.356126E-03 
7.717139E+06 7.717139E+06 1.253012E+05 1.035844E+05 6.626056E+04 6.626056E+04 5.581303E+04 7.995499E+03 2.603477E+03 7.775743E+02 1.447997E+02 2.077173E-03 2.077173E-03 2.077173E-03 1.504414E-03 1.392019E-03 
2.291214E+07 1.342702E+05 6.642843E+04 6.642843E+04 5.112416E+04 5.112416E+04 5.112416E+04 1.278911E+04 5.219172E+03 1.626505E+03 5.674152E+02 3.137477E-02 2.040082E-03 1.773175E-03 1.773175E-03 1.773175E-03 
9.078244E+04 9.078244E+04 9.078244E+04 7.696722E+04 7.696722E+04 5.051725E+04 3.394289E+04 6.449466E+03 1.810960E+03 4.476679E+02 9.203411E+01 2.746916E-03 2.746916E-03 2.014305E-03 2.014305E-03 2.014305E-03 
