0.014 0.992 0.853 1.603 0.586 0.088 0.010 32.431 354.118 340.098 0.529 0.007 24.373 0.758 584.905938
0.014 0.992 0.853 1.603 0.586 0.088 0.010 32.431 354.118 340.098 0.529 0.007 24.373 0.758 584.905938
0.014 0.992 0.853 1.603 0.586 0.088 0.010 32.431 354.118 340.098 0.529 0.007 24.373 0.758 584.905938
0.014 0.992 0.853 1.603 0.837 0.088 0.010 32.431 354.118 380.882 0.529 0.007 24.373 0.758 538.774103
0.014 0.992 0.853 1.603 0.837 0.088 0.010 32.431 354.118 380.882 0.529 0.007 24.373 0.758 538.774103
0.014 0.992 0.853 1.603 0.837 0.088 0.010 32.431 354.118 299.314 0.529 0.007 24.373 0.758 537.320748
0.014 0.992 0.853 1.603 0.837 0.088 0.010 32.431 354.118 299.314 0.529 0.007 24.373 0.758 537.320748
0.014 0.992 0.853 1.603 0.837 0.088 0.010 32.431 354.118 299.314 0.529 0.007 24.373 0.758 537.320748
0.014 0.992 0.853 1.603 0.837 0.088 0.010 32.431 354.118 299.314 0.529 0.007 24.373 0.758 537.320748
0.014 0.992 0.853 1.603 0.837 0.088 0.010 32.431 354.118 299.314 0.529 0.007 24.373 0.758 537.320748

0.014 0.992 0.853 1.603 0.586 0.088 0.010 32.431 354.118 345.196 0.529 0.007 24.373 0.758 584.733596
0.014 0.992 0.853 1.603 0.586 0.088 0.010 32.431 354.118 345.196 0.529 0.007 24.373 0.758 584.733596
0.014 0.992 0.853 1.603 0.586 0.088 0.010 32.431 354.118 345.196 0.529 0.007 24.373 0.758 584.733596
0.014 0.992 1.418 1.603 0.586 0.088 0.010 32.431 354.118 345.196 0.529 0.032 24.373 0.758 551.069436
0.014 0.992 1.418 1.603 0.586 0.088 0.010 32.431 354.118 345.196 0.529 0.032 24.373 0.758 551.069436
0.014 0.992 1.418 1.603 0.586 0.088 0.010 32.431 354.118 345.196 0.529 0.032 24.373 0.758 551.069436
0.014 0.992 1.418 1.603 0.586 0.088 0.010 32.431 354.118 345.196 0.529 0.032 24.373 0.758 551.069436
0.014 0.992 1.418 1.603 0.586 0.088 0.010 32.431 354.118 345.196 0.529 0.032 24.373 0.758 551.069436
0.014 0.992 1.709 1.603 0.590 0.088 0.010 41.843 354.118 345.196 0.592 0.007 24.745 0.508 526.577066
0.014 0.992 1.709 1.603 0.590 0.088 0.010 41.843 354.118 324.804 0.590 0.007 24.745 0.508 524.487112

0.061 0.726 1.543 2.603 0.588 0.192 0.005 41.797 250.204 255.276 0.516 0.012 59.959 0.714 567.825884
0.061 0.726 1.543 2.603 0.588 0.192 0.005 41.797 256.454 255.276 0.516 0.012 83.709 0.714 551.504625
0.061 0.726 1.543 2.603 0.588 0.191 0.005 41.797 256.454 255.276 0.516 0.012 83.709 0.714 550.990257
0.060 0.726 1.402 2.603 0.588 0.191 0.005 41.797 256.454 255.276 0.516 0.012 83.709 0.714 547.396162
0.060 0.726 1.402 2.603 0.588 0.191 0.005 41.797 256.454 255.276 0.516 0.012 83.709 0.714 547.396162
0.060 0.726 1.402 2.603 0.588 0.191 0.005 41.797 256.454 92.774 0.516 0.012 83.709 0.714 547.008664
0.060 0.726 1.402 2.603 0.588 0.191 0.005 41.797 256.454 92.774 0.516 0.012 83.709 0.714 547.008664
0.060 0.726 1.402 2.603 0.588 0.191 0.005 41.794 256.454 275.589 0.516 0.012 83.709 0.714 547.008663
0.060 0.726 1.402 2.603 0.588 0.191 0.005 41.794 256.454 275.589 0.516 0.025 83.709 0.714 543.461722
0.060 0.726 1.402 2.603 0.588 0.191 0.005 41.794 256.454 275.589 0.516 0.025 83.709 0.714 543.461722
0.060 0.726 1.402 2.603 0.588 0.191 0.005 41.794 250.204 276.224 0.516 0.025 83.709 0.714 539.377761
0.060 0.726 1.402 2.603 0.588 0.191 0.005 41.794 250.204 276.224 0.516 0.025 83.709 0.714 539.377761
0.060 0.726 1.402 2.603 0.588 0.191 0.005 41.794 250.204 276.224 0.516 0.025 83.709 0.714 539.377761
0.060 0.726 1.402 2.603 0.588 0.191 0.005 41.794 250.204 276.224 0.516 0.025 83.709 0.714 539.377761
0.060 0.726 1.402 2.603 0.588 0.191 0.005 41.794 250.204 276.224 0.516 0.025 83.709 0.714 539.377761
0.060 0.726 1.402 2.603 0.588 0.191 0.005 41.794 250.204 276.224 0.516 0.025 83.709 0.714 539.377761
0.060 0.726 1.402 2.603 0.588 0.191 0.005 41.794 250.204 276.224 0.516 0.025 83.709 0.714 539.377761
0.060 0.726 1.402 2.603 0.588 0.191 0.005 41.794 250.204 276.224 0.516 0.025 83.709 0.714 539.377761
0.060 0.726 1.402 2.603 0.588 0.191 0.005 41.794 250.204 276.224 0.516 0.025 83.709 0.714 539.377761
0.060 0.726 1.402 2.603 0.588 0.191 0.005 41.794 250.204 276.224 0.516 0.025 83.709 0.714 539.377761

0.074 0.500 0.800 1.018 0.838 0.108 0.005 34.516 280.645 400.000 0.629 0.106 90.806 0.870 606.678800
0.074 0.500 0.800 1.018 0.838 0.108 0.005 34.516 280.645 400.000 0.629 0.106 90.806 0.870 606.678800
0.074 0.500 0.800 1.018 0.838 0.108 0.005 34.516 280.645 400.000 0.629 0.106 90.806 0.870 606.678800
0.074 0.500 0.800 1.018 0.838 0.108 0.005 34.516 280.645 400.000 0.629 0.106 90.806 0.870 606.678800
0.074 0.500 0.800 1.018 0.822 0.108 0.005 34.516 280.645 316.129 0.629 0.106 90.806 0.870 600.185292
0.074 0.500 0.800 1.018 0.822 0.108 0.005 34.516 280.645 316.129 0.629 0.106 90.806 0.870 600.185292
0.074 0.500 0.800 1.018 0.822 0.108 0.005 13.871 280.645 316.129 0.629 0.106 90.806 0.870 600.142822
0.074 0.500 0.800 1.018 0.822 0.108 0.005 13.871 280.645 400.000 0.629 0.106 90.806 0.870 600.142820
0.074 0.500 0.800 1.018 0.822 0.108 0.005 13.871 280.645 400.000 0.629 0.106 90.806 0.870 600.142820
0.074 0.500 0.800 1.018 0.822 0.108 0.005 13.871 280.645 400.000 0.629 0.106 90.806 0.870 600.142820
0.074 0.500 0.800 1.018 0.822 0.108 0.005 13.871 280.645 400.000 0.629 0.106 90.806 0.870 600.142820
0.074 0.500 0.800 1.018 0.822 0.108 0.005 13.871 280.645 400.000 0.629 0.106 90.806 0.870 600.142820
0.074 0.500 0.800 1.018 0.822 0.108 0.005 13.871 280.645 400.000 0.629 0.106 90.806 0.870 600.142820
0.074 0.500 0.800 1.018 0.822 0.108 0.005 13.871 280.645 400.000 0.629 0.106 90.806 0.870 600.142820
0.074 0.500 0.800 1.018 0.822 0.108 0.005 13.871 280.645 232.258 0.661 0.106 90.806 0.870 600.142819
0.074 0.500 0.800 1.018 0.822 0.108 0.005 13.871 280.645 232.258 0.661 0.106 90.806 0.870 600.142819
0.074 0.500 0.800 1.018 0.822 0.108 0.005 13.871 280.645 232.258 0.919 0.106 90.806 0.870 600.142817
0.074 0.500 0.800 1.018 0.822 0.108 0.005 13.871 280.645 232.258 0.919 0.106 90.806 0.870 600.142817
0.074 0.500 0.800 1.018 0.822 0.108 0.005 13.871 280.645 232.258 0.919 0.106 90.806 0.870 600.142817
0.074 0.500 0.800 1.018 0.822 0.108 0.005 11.290 280.645 232.258 0.919 0.106 90.806 0.870 599.945197

