2.121931E+02 1.223792E+02 1.223792E+02 8.957674E+01 8.957674E+01 6.897164E+01 5.433997E+01 3.514509E+01 3.481390E+01 2.642137E+01 2.179924E+01 2.101467E+01 2.099240E+01 2.098423E+01 2.098207E+01 2.098132E+01 
2.183154E+02 1.538379E+02 8.695005E+01 7.767003E+01 7.767003E+01 7.440564E+01 6.305648E+01 4.196398E+01 3.642667E+01 2.630661E+01 2.111866E+01 2.100189E+01 2.099334E+01 2.028552E+01 1.998695E+01 1.998348E+01 
1.553684E+02 1.553684E+02 1.553684E+02 1.131707E+02 1.102492E+02 8.872684E+01 4.889814E+01 4.714621E+01 3.109409E+01 3.790463E+00 6.781187E-01 5.171849E-01 5.102407E-01 1.782464E-02 8.578433E-03 7.442102E-03 
2.353885E+02 2.353885E+02 1.412323E+02 1.412323E+02 1.308544E+02 1.027238E+02 5.468977E+01 4.984461E+01 3.772756E+01 2.318051E+01 2.165008E+01 2.164454E+01 2.103367E+01 2.100845E+01 2.099990E+01 2.099990E+01 
1.557357E+02 1.557357E+02 1.310886E+02 1.155390E+02 9.197698E+01 5.843725E+01 5.268208E+01 5.134064E+01 4.202898E+01 2.259397E+01 2.158228E+01 2.155481E+01 2.155426E+01 2.006548E+01 2.006073E+01 2.006073E+01 
2.429463E+02 1.400694E+02 1.400694E+02 1.400694E+02 1.043452E+02 1.043452E+02 7.105623E+01 3.885574E+01 3.390766E+01 2.576192E+01 2.254257E+01 2.201786E+01 2.198759E+01 2.099584E+01 2.099474E+01 2.099314E+01 
1.802767E+02 1.436318E+02 1.436318E+02 1.436318E+02 1.345534E+02 1.243753E+02 7.265691E+01 6.025302E+01 3.624974E+01 2.419636E+01 2.217827E+01 2.213168E+01 2.163497E+01 2.162781E+01 2.100165E+01 2.000653E+01 
2.123162E+02 1.265660E+02 1.040802E+02 1.040802E+02 1.040802E+02 7.121764E+01 6.294605E+01 4.101060E+01 3.521740E+01 2.254183E+01 2.161525E+01 2.150558E+01 2.001187E+01 2.000740E+01 2.000665E+01 2.000323E+01 
1.849087E+02 1.849087E+02 1.488097E+02 1.488097E+02 1.445068E+02 6.327987E+01 6.327987E+01 5.006022E+01 2.897543E+01 2.437215E+01 2.205418E+01 2.103167E+01 2.099710E+01 2.099620E+01 2.099587E+01 2.099420E+01 
1.889163E+02 1.407441E+02 1.407441E+02 1.407441E+02 1.197181E+02 1.021869E+02 7.629179E+01 4.478649E+01 3.684982E+01 2.689985E+01 2.489348E+01 2.461912E+01 2.063197E+01 2.062884E+01 2.001062E+01 2.000598E+01 
1.178025E+02 1.178025E+02 1.178025E+02 1.178025E+02 1.178025E+02 9.457684E+01 5.341127E+01 5.084058E+01 3.994721E+01 2.588498E+01 2.314075E+01 2.211951E+01 2.109926E+01 2.059057E+01 2.058933E+01 1.996606E+01 
2.784975E+02 1.447098E+02 1.447098E+02 1.441908E+02 1.071620E+02 8.884207E+01 6.433623E+01 3.885697E+01 3.838592E+01 2.392145E+01 2.271384E+01 2.102457E+01 2.100446E+01 2.099970E+01 2.099965E+01 2.000906E+01 
2.646648E+02 1.523657E+02 1.523657E+02 1.182074E+02 1.153980E+02 8.377457E+01 5.317156E+01 4.463675E+01 3.193464E+01 2.495935E+01 2.217943E+01 2.212324E+01 2.112853E+01 2.000777E+01 2.000636E+01 2.000492E+01 
1.708815E+02 1.419417E+02 1.355081E+02 1.251978E+02 1.251978E+02 9.421978E+01 6.901441E+01 3.049318E+01 3.049318E+01 2.405789E+01 2.253984E+01 2.155849E+01 2.149773E+01 2.149553E+01 2.099829E+01 2.099508E+01 
2.290157E+02 2.283067E+02 2.013484E+02 1.028464E+02 1.028464E+02 1.028464E+02 5.192191E+01 3.597911E+01 3.570873E+01 2.385691E+01 2.209459E+01 2.096956E+01 2.095093E+01 2.094693E+01 2.094526E+01 2.094326E+01 
1.948108E+02 1.573553E+02 1.573553E+02 1.573553E+02 1.199242E+02 8.056629E+01 7.843202E+01 4.026457E+01 3.313119E+01 2.466237E+01 2.112561E+01 2.103589E+01 2.001219E+01 2.000633E+01 2.000445E+01 2.000445E+01 
2.146338E+02 1.531045E+02 1.531045E+02 1.531045E+02 1.531045E+02 1.068830E+02 6.965488E+01 3.521518E+01 3.403789E+01 7.384604E+00 2.201986E+00 2.065093E+00 1.103286E+00 1.037707E+00 1.004050E+00 1.003150E+00 
1.940005E+02 1.940005E+02 1.825656E+02 1.517756E+02 1.286128E+02 7.401670E+01 5.492282E+01 4.379801E+01 3.057101E+01 4.231219E+00 1.218082E+00 1.070719E+00 1.037037E+00 1.006633E+00 1.004550E+00 1.001992E+00 
1.573851E+02 1.573851E+02 1.573851E+02 1.573851E+02 1.573851E+02 7.751433E+01 4.390575E+01 4.390575E+01 4.035144E+01 2.292153E+01 2.042064E+01 1.981484E+01 1.974121E+01 1.973956E+01 1.973904E+01 1.973855E+01 
1.824156E+02 1.717852E+02 1.456535E+02 1.456535E+02 8.543831E+01 7.321104E+01 5.809501E+01 5.809501E+01 4.088825E+01 2.365270E+01 2.083337E+01 1.617793E+00 1.094821E+00 1.075530E+00 1.040061E+00 9.222771E-03 
2.142273E+02 1.816590E+02 1.816590E+02 1.816590E+02 1.132987E+02 9.559345E+01 6.076483E+01 4.200368E+01 2.815216E+01 2.228129E+01 2.150481E+01 2.100028E+01 2.099507E+01 2.099324E+01 2.099138E+01 1.999971E+01 
1.735409E+02 1.700679E+02 1.683745E+02 1.264227E+02 7.373106E+01 7.373106E+01 5.952775E+01 5.253034E+01 3.116257E+01 2.319237E+01 2.170436E+01 2.063432E+01 2.063106E+01 2.062790E+01 2.000657E+01 2.000508E+01 
2.279047E+02 2.279047E+02 2.279047E+02 1.616556E+02 1.497291E+02 7.901769E+01 5.611620E+01 4.335571E+01 3.286554E+01 2.246982E+01 2.157615E+01 2.101450E+01 2.100132E+01 2.099809E+01 2.099809E+01 2.000590E+01 
1.884663E+02 1.884663E+02 1.884663E+02 1.211450E+02 1.047004E+02 6.818231E+01 6.279703E+01 4.007592E+01 2.545738E+01 7.361000E+00 1.069490E+00 1.004906E+00 1.129708E-02 6.730483E-03 6.730483E-03 6.729450E-03 
1.837211E+02 1.837211E+02 1.837211E+02 1.240542E+02 1.240542E+02 6.855748E+01 6.852509E+01 4.298953E+01 2.949559E+01 9.716257E+00 1.644142E+00 1.101044E+00 1.063303E+00 1.011066E+00 1.009308E+00 1.008037E+00 
1.713858E+02 1.713858E+02 1.713858E+02 1.529478E+02 1.056174E+02 1.003461E+02 7.221087E+01 4.216021E+01 3.480948E+01 2.515210E+01 2.125411E+01 2.001613E+01 2.001551E+01 2.001110E+01 2.000870E+01 2.000870E+01 
2.832000E+02 2.240963E+02 1.996671E+02 1.842586E+02 1.150917E+02 7.657681E+01 5.107929E+01 4.634182E+01 4.577546E+01 5.742186E+00 2.641446E+00 2.587673E+00 2.529953E+00 2.008849E+00 2.008849E+00 1.019642E+00 
2.263883E+02 1.876001E+02 1.505669E+02 1.505669E+02 1.155807E+02 8.148088E+01 6.279648E+01 4.182489E+01 2.869040E+01 2.375450E+01 2.106919E+01 2.104455E+01 2.005306E+01 2.004853E+01 2.004726E+01 2.004726E+01 
1.599155E+02 1.599155E+02 1.599155E+02 1.138716E+02 1.138716E+02 1.010346E+02 5.697087E+01 4.157644E+01 3.135532E+01 2.196588E+01 2.123272E+01 2.112944E+01 2.063187E+01 2.062971E+01 2.041279E+01 2.000559E+01 
1.517293E+02 1.517293E+02 1.517293E+02 1.390064E+02 1.045361E+02 9.077260E+01 7.431110E+01 4.726538E+01 3.912803E+01 2.915089E+01 2.570149E+01 2.165432E+01 2.162238E+01 2.161968E+01 2.152817E+01 1.999899E+01 
