4.430928E+08 2.699626E+08 1.048548E+08 3.822773E+07 8.593321E+06 2.400180E+05 2.400180E+05 1.257354E+04 6.245876E+02 4.892235E+02 4.143851E+02 2.554508E+02 8.923719E+01 8.923719E+01 8.539353E+01 7.855110E+01 
6.224351E+08 2.515569E+08 9.988898E+07 7.659247E+07 7.439296E+06 5.186976E+06 8.723150E+05 8.881933E+03 2.252802E+03 2.086862E+03 1.487805E+03 3.228055E+01 2.941762E+01 2.445944E+01 2.445944E+01 2.396229E+01 
1.450210E+08 9.643083E+07 9.643083E+07 8.227574E+06 6.716472E+05 6.716472E+05 3.158453E+05 4.037294E+03 3.212115E+03 3.071267E+03 3.016736E+03 2.995467E+03 2.989897E+03 2.989897E+03 2.978360E+03 2.965730E+03 
1.809304E+08 1.350711E+08 7.347962E+07 4.555561E+07 8.844975E+06 2.715379E+05 1.296132E+05 7.084460E+03 4.875362E+02 1.794175E+02 1.534668E+02 1.534668E+02 1.534668E+02 1.480251E+02 1.463502E+02 1.463502E+02 
3.738730E+08 3.738730E+08 1.565611E+08 1.499098E+07 4.029260E+06 1.222197E+06 4.613078E+04 4.777902E+03 3.482214E+03 3.394194E+03 3.360431E+03 3.356998E+03 3.351461E+03 3.348016E+03 2.578626E+03 1.863770E+03 
3.343518E+08 3.343518E+08 5.119226E+07 2.637446E+07 3.845727E+06 6.714659E+05 1.946811E+05 5.590802E+03 2.268955E+03 2.059663E+03 1.760131E+03 1.617805E+03 1.556163E+03 1.552333E+03 4.600846E+02 2.142702E+02 
6.128534E+08 6.128534E+08 1.836296E+08 7.262219E+07 1.230365E+07 2.423388E+06 8.444735E+05 9.122293E+03 1.303746E+03 1.143975E+03 1.041362E+03 7.200493E+02 2.348551E+02 2.261151E+02 2.227899E+02 2.061606E+02 
5.927141E+08 2.550294E+08 4.628166E+07 1.064849E+07 1.012106E+07 7.839973E+06 1.028743E+06 5.247800E+03 3.304245E+02 1.769806E+02 1.366419E+02 1.256126E+02 1.028100E+02 1.028100E+02 1.028100E+02 1.028100E+02 
5.154143E+08 3.873779E+08 1.358159E+08 5.066862E+07 9.049293E+06 3.374392E+06 2.039584E+05 7.803946E+03 2.851622E+03 2.743900E+03 2.649295E+03 2.649295E+03 2.647165E+03 2.643422E+03 2.643422E+03 2.638701E+03 
4.951277E+08 2.426744E+07 2.426744E+07 2.426744E+07 2.099184E+07 4.411824E+06 3.397309E+05 1.708673E+04 5.829959E+03 5.652504E+03 5.604477E+03 5.300044E+03 5.125720E+03 8.652016E+01 7.831274E+01 7.831274E+01 
6.350342E+08 5.936030E+08 1.338188E+08 4.625781E+07 1.287753E+06 2.964295E+05 6.072485E+04 2.981341E+04 5.871221E+02 5.871221E+02 5.554989E+02 5.391189E+02 5.364054E+02 5.363832E+02 5.282510E+02 5.245529E+02 
4.729537E+08 2.189276E+08 5.880053E+07 5.880053E+07 4.416346E+06 1.525633E+06 1.088515E+05 3.797098E+03 1.009136E+03 9.670571E+02 9.066595E+02 8.346113E+02 8.234276E+02 8.058330E+02 6.396675E+02 2.451327E+02 
1.240688E+09 6.372893E+08 5.689658E+08 8.257784E+07 9.738653E+06 1.052640E+06 2.038979E+05 3.382792E+03 1.986748E+03 1.494062E+03 1.494062E+03 1.478035E+03 1.475487E+03 1.475487E+03 1.473492E+03 1.469209E+03 
4.263769E+08 2.203625E+08 2.203625E+08 4.062805E+07 1.268907E+06 8.907389E+05 1.330970E+05 7.789414E+03 1.218617E+03 9.431106E+02 8.570947E+02 8.553349E+02 8.023277E+02 3.505166E+02 3.086362E+02 3.040749E+02 
4.011711E+06 4.011711E+06 4.011711E+06 4.011711E+06 4.318813E+05 4.318813E+05 7.160371E+04 7.146850E+03 2.390326E+03 2.314891E+03 2.229570E+03 2.196680E+03 1.089559E+03 1.018753E+03 1.017203E+03 9.871016E+02 
4.357040E+08 4.357040E+08 2.078776E+08 9.006424E+06 9.006424E+06 5.953067E+06 3.749461E+05 1.144531E+04 3.671713E+02 3.029552E+02 2.699555E+02 2.647232E+02 1.432962E+02 1.079741E+02 1.027682E+02 1.017886E+02 
1.377119E+07 1.377119E+07 1.082298E+07 1.082298E+07 4.292147E+06 9.335322E+05 2.615997E+05 2.419081E+03 3.916837E+02 3.044475E+02 2.799393E+02 2.682012E+02 2.596531E+02 2.392456E+02 2.321421E+02 1.936346E+02 
2.618493E+08 2.131345E+08 4.623910E+07 4.623910E+07 1.399094E+07 1.134537E+06 7.219425E+05 4.205599E+03 3.410749E+02 1.546603E+02 1.496934E+02 1.406425E+02 1.400407E+02 1.303918E+02 1.303918E+02 1.303918E+02 
2.317352E+08 2.028625E+08 6.886766E+07 6.886766E+07 7.578187E+06 6.923510E+05 4.902202E+05 4.947394E+03 2.405961E+03 2.361594E+03 2.119048E+03 5.919466E+02 1.935162E+02 1.678106E+02 1.653744E+02 9.764658E+01 
4.861490E+06 4.861490E+06 4.861490E+06 4.861490E+06 4.861490E+06 4.861490E+06 3.912740E+05 8.921352E+03 2.942488E+03 2.899765E+03 2.857412E+03 2.846956E+03 2.840824E+03 8.799095E+02 2.570452E+02 2.054640E+02 
3.524490E+08 1.569770E+08 1.325968E+08 7.183214E+07 1.008908E+07 2.803669E+06 1.237992E+05 3.180520E+03 2.507887E+03 2.379585E+03 2.302191E+03 2.083734E+03 1.846544E+03 1.622988E+03 1.542284E+03 1.477092E+03 
4.475288E+08 4.451287E+08 3.544448E+07 3.518395E+07 8.256928E+06 1.249062E+06 2.329221E+05 9.593217E+03 5.869354E+03 5.674306E+03 5.674306E+03 5.594021E+03 3.321132E+03 3.825226E+01 3.165918E+01 2.961733E+01 
4.626189E+08 1.683149E+08 1.481886E+08 4.495677E+07 1.355841E+07 1.480960E+06 1.043811E+05 8.679670E+03 3.014024E+03 2.924608E+03 2.898603E+03 2.891779E+03 2.891355E+03 2.875099E+03 2.866096E+03 2.812229E+03 
1.135734E+09 8.199258E+08 3.336942E+08 1.436187E+08 9.934027E+06 1.655977E+06 1.126288E+06 2.904421E+03 2.476111E+03 2.383804E+03 2.290541E+03 2.285865E+03 2.277502E+03 2.277106E+03 2.275956E+03 2.255902E+03 
2.880177E+08 2.880177E+08 1.246672E+08 8.873663E+07 5.600918E+06 4.996058E+06 2.974067E+05 3.238862E+03 2.294488E+03 1.725428E+03 1.304553E+02 7.067622E+01 7.067622E+01 6.583709E+01 6.583709E+01 6.583709E+01 
4.270348E+08 2.631424E+08 8.700341E+07 1.765600E+07 1.211907E+06 1.211907E+06 1.130873E+06 5.168775E+03 1.341898E+03 1.192820E+03 1.192820E+03 1.176920E+03 1.164767E+03 1.164767E+03 1.160921E+03 1.159350E+03 
1.111830E+09 4.702008E+08 2.126553E+08 5.990482E+07 8.772833E+06 2.994283E+06 4.094999E+05 3.184606E+03 3.081021E+03 2.832215E+03 6.772223E+02 5.412572E+02 3.285455E+02 3.235285E+02 3.112715E+02 3.001397E+02 
3.899911E+08 1.363459E+08 9.274108E+07 1.568514E+07 1.925370E+06 1.925370E+06 4.831032E+05 7.169020E+03 5.893748E+03 5.776026E+03 5.731759E+03 5.622017E+03 4.452138E+03 4.353159E+03 4.328476E+03 4.228627E+03 
2.573302E+08 2.573302E+08 4.141770E+07 4.141770E+07 2.712787E+07 2.589429E+06 9.414308E+04 1.919979E+03 3.074366E+02 3.074366E+02 2.721647E+02 2.056723E+02 9.331220E+01 7.099731E+01 5.850006E+01 5.114905E+01 
6.162298E+08 6.162298E+08 1.350843E+08 1.140809E+07 7.946412E+06 1.710946E+06 1.605167E+05 1.387650E+04 3.099783E+03 3.069027E+03 3.026251E+03 3.025167E+03 3.017349E+03 3.014839E+03 3.006032E+03 2.990262E+03 
