8.914939E+01 8.914939E+01 8.914939E+01 7.906424E+01 7.906424E+01 4.837113E+01 4.837113E+01 4.215165E+01 1.834048E+01 7.213902E+00 6.964728E+00 6.964709E+00 6.964709E+00 6.964709E+00 6.964709E+00 6.964709E+00 
8.686527E+01 8.686527E+01 8.686527E+01 7.820826E+01 5.413849E+01 5.413849E+01 5.413849E+01 4.999658E+01 3.990066E+01 3.079651E+00 2.984880E+00 2.984878E+00 2.984878E+00 2.984878E+00 2.984878E+00 2.984878E+00 
7.993667E+01 7.993667E+01 7.993667E+01 7.993667E+01 7.096379E+01 7.096379E+01 5.398973E+01 3.847972E+01 3.847972E+01 4.014918E+00 3.979867E+00 3.979837E+00 3.979837E+00 3.979837E+00 3.979837E+00 3.979837E+00 
9.727795E+01 9.727795E+01 9.646453E+01 9.646453E+01 8.315912E+01 6.535767E+01 5.645160E+01 4.430825E+01 1.149352E+01 3.055740E+00 2.984879E+00 2.984878E+00 2.984878E+00 2.984878E+00 2.984877E+00 2.984877E+00 
1.327616E+02 1.010591E+02 1.010591E+02 1.000373E+02 8.406260E+01 7.223700E+01 5.770474E+01 3.938703E+01 1.122947E+01 5.072588E+00 4.974796E+00 4.974796E+00 4.974796E+00 4.974796E+00 4.974796E+00 4.974796E+00 
1.228402E+02 8.451155E+01 8.451155E+01 8.320794E+01 8.065647E+01 5.480980E+01 5.412509E+01 4.196790E+01 2.263478E+01 6.102435E+00 5.969756E+00 5.969755E+00 5.969755E+00 5.969755E+00 5.969755E+00 5.969755E+00 
1.089104E+02 8.730701E+01 8.730701E+01 8.144725E+01 7.581572E+01 4.340255E+01 4.340255E+01 3.984334E+01 2.030713E+01 7.048714E+00 6.964717E+00 6.964714E+00 6.964714E+00 6.964714E+00 6.964714E+00 6.964714E+00 
1.334765E+02 1.283215E+02 1.111857E+02 9.108839E+01 8.618696E+01 6.847286E+01 5.622164E+01 3.672234E+01 1.277972E+01 5.073029E+00 4.974799E+00 4.974796E+00 4.974796E+00 4.974796E+00 4.974796E+00 4.974796E+00 
1.076449E+02 1.076449E+02 9.028330E+01 9.028330E+01 6.744948E+01 5.761125E+01 4.697693E+01 4.697693E+01 2.813925E+01 7.031099E+00 6.964721E+00 6.964714E+00 6.964714E+00 6.964714E+00 6.964714E+00 6.964714E+00 
1.026297E+02 8.980660E+01 8.980660E+01 8.331229E+01 7.905349E+01 6.158598E+01 4.258682E+01 4.246171E+01 3.701566E+01 2.098163E+00 1.989922E+00 1.989919E+00 1.989919E+00 1.989919E+00 1.989919E+00 1.989919E+00 
1.132897E+02 1.097351E+02 1.002788E+02 8.297135E+01 6.467212E+01 4.811673E+01 4.556629E+01 4.556629E+01 3.504495E+01 1.210408E+01 1.193950E+01 1.193950E+01 1.193950E+01 1.193950E+01 1.193950E+01 1.193950E+01 
1.082303E+02 1.082303E+02 1.011714E+02 7.458808E+01 5.869115E+01 5.869115E+01 5.869115E+01 3.328902E+01 2.187771E+01 7.043298E+00 6.964715E+00 6.964709E+00 6.964709E+00 6.964709E+00 6.964709E+00 6.964709E+00 
1.027399E+02 1.027399E+02 7.892358E+01 7.892358E+01 7.150497E+01 3.769682E+01 3.769682E+01 3.769682E+01 3.577183E+01 9.074534E+00 8.954628E+00 8.954627E+00 8.954627E+00 8.954627E+00 8.954627E+00 8.954627E+00 
8.829553E+01 8.829553E+01 8.829553E+01 8.829553E+01 8.644852E+01 6.778945E+01 4.519116E+01 4.519116E+01 2.978602E+01 9.056153E+00 8.954629E+00 8.954627E+00 8.954627E+00 8.954627E+00 8.954627E+00 8.954627E+00 
8.669907E+01 8.669907E+01 7.494147E+01 6.650952E+01 6.650952E+01 5.758965E+01 5.312509E+01 3.000599E+01 3.000599E+01 1.010892E+01 9.949591E+00 9.949586E+00 9.949586E+00 9.949586E+00 9.949586E+00 9.949586E+00 
7.522564E+01 7.522564E+01 7.513578E+01 7.513578E+01 7.513578E+01 5.490946E+01 5.186174E+01 4.056874E+01 3.200199E+01 5.084359E+00 4.974798E+00 4.974796E+00 4.974796E+00 4.974796E+00 4.974796E+00 4.974796E+00 
9.541851E+01 9.541851E+01 9.541851E+01 8.500434E+01 6.836707E+01 6.105055E+01 4.763568E+01 4.763568E+01 3.918602E+01 3.218568E+00 2.984892E+00 2.984878E+00 2.984878E+00 2.984878E+00 2.984878E+00 2.984878E+00 
1.163019E+02 1.163019E+02 9.717130E+01 7.638689E+01 5.055434E+01 5.055434E+01 4.394666E+01 4.394666E+01 4.295446E+01 7.099001E+00 6.964716E+00 6.964714E+00 6.964714E+00 6.964714E+00 6.964714E+00 6.964714E+00 
1.121999E+02 1.121999E+02 1.121999E+02 9.449686E+01 8.158009E+01 5.589024E+01 3.742847E+01 3.742847E+01 1.050511E+01 2.038307E+00 1.989925E+00 1.989919E+00 1.989919E+00 1.989919E+00 1.989918E+00 1.989918E+00 
1.227432E+02 1.206495E+02 1.123867E+02 9.259223E+01 8.383334E+01 5.915853E+01 4.229791E+01 3.579915E+01 3.281020E+01 6.039935E+00 5.969756E+00 5.969755E+00 5.969755E+00 5.969755E+00 5.969755E+00 5.969755E+00 
1.214466E+02 1.214466E+02 1.179271E+02 1.042867E+02 8.435928E+01 6.641504E+01 4.822300E+01 3.299894E+01 1.714390E+01 1.113769E+01 1.094455E+01 1.094455E+01 1.094455E+01 1.094455E+01 1.094455E+01 1.094455E+01 
9.439844E+01 9.439844E+01 9.439844E+01 8.252265E+01 7.138722E+01 6.149114E+01 5.005314E+01 4.501688E+01 3.652383E+01 8.197563E+00 7.959695E+00 7.959668E+00 7.959668E+00 7.959668E+00 7.959668E+00 7.959668E+00 
1.223586E+02 1.223586E+02 1.106976E+02 9.249634E+01 7.303238E+01 7.303238E+01 5.659037E+01 4.682839E+01 3.649226E+01 1.024089E+01 9.949590E+00 9.949586E+00 9.949586E+00 9.949586E+00 9.949586E+00 9.949586E+00 
1.058110E+02 9.926813E+01 8.446563E+01 8.286264E+01 6.036362E+01 5.602728E+01 4.291520E+01 4.286936E+01 1.682819E+01 6.119931E+00 5.969756E+00 5.969755E+00 5.969755E+00 5.969755E+00 5.969755E+00 5.969755E+00 
1.058494E+02 8.783999E+01 8.783999E+01 8.783999E+01 8.714463E+01 4.843437E+01 4.843437E+01 3.779963E+01 3.506200E+01 8.039152E+00 7.959669E+00 7.959668E+00 7.959668E+00 7.959668E+00 7.959668E+00 7.959668E+00 
7.937654E+01 7.937654E+01 7.937654E+01 7.937654E+01 6.354471E+01 4.106203E+01 4.106203E+01 4.106203E+01 3.600753E+01 9.561114E+00 8.954637E+00 8.954627E+00 8.954627E+00 8.954627E+00 8.954627E+00 8.954627E+00 
9.736899E+01 9.736899E+01 9.736899E+01 8.908254E+01 7.295231E+01 6.179485E+01 4.778709E+01 3.384906E+01 2.949633E+01 6.996441E+00 6.964717E+00 6.964714E+00 6.964714E+00 6.964714E+00 6.964714E+00 6.964714E+00 
1.138681E+02 1.138681E+02 1.138681E+02 9.878552E+01 6.944777E+01 5.306895E+01 5.306895E+01 3.569031E+01 3.569031E+01 4.142571E+00 3.979838E+00 3.979837E+00 3.979837E+00 3.979837E+00 3.979837E+00 3.979837E+00 
8.462964E+01 8.462964E+01 8.462964E+01 8.462964E+01 7.560626E+01 5.527741E+01 4.018090E+01 4.018090E+01 3.346405E+01 6.238008E+00 5.969757E+00 5.969755E+00 5.969755E+00 5.969755E+00 5.969755E+00 5.969755E+00 
1.012177E+02 8.680684E+01 7.917917E+01 7.917917E+01 7.174520E+01 7.174520E+01 6.128768E+01 3.829927E+01 3.298080E+01 3.069769E+00 2.984880E+00 2.984878E+00 2.984878E+00 2.984878E+00 2.984878E+00 2.984878E+00 
