1.073906E+04 1.073906E+04 8.232134E+03 5.800966E+03 2.972478E+03 1.695809E+03 7.411675E+02 3.640437E+02 3.280723E+02 3.088866E+02 3.053187E+02 3.037264E+02 3.020696E+02 3.018735E+02 3.014207E+02 3.011082E+02 
1.019868E+04 9.738139E+03 8.648244E+03 6.205498E+03 2.726472E+03 1.410993E+03 5.798212E+02 3.799932E+02 3.247200E+02 3.091283E+02 3.045771E+02 3.027080E+02 3.016835E+02 3.013948E+02 3.013948E+02 3.011383E+02 
1.040948E+04 1.040948E+04 9.458295E+03 5.821698E+03 2.848828E+03 1.652584E+03 6.550733E+02 3.548077E+02 3.195660E+02 3.058615E+02 3.048688E+02 3.036715E+02 3.019908E+02 3.016477E+02 3.013077E+02 3.011296E+02 
7.138030E+03 7.138030E+03 7.138030E+03 5.803157E+03 1.940174E+03 9.537344E+02 6.047215E+02 4.383811E+02 4.031915E+02 4.010339E+02 4.007708E+02 4.004185E+02 4.002904E+02 4.002704E+02 4.001610E+02 4.001251E+02 
1.376001E+04 9.978926E+03 8.470245E+03 4.879219E+03 2.607728E+03 1.381943E+03 5.268815E+02 3.589634E+02 3.265214E+02 3.090830E+02 3.051894E+02 3.033603E+02 3.022950E+02 3.017411E+02 3.014239E+02 3.008784E+02 
6.956285E+03 6.956285E+03 6.640839E+03 3.835824E+03 2.241534E+03 9.417812E+02 6.987460E+02 4.608347E+02 4.042819E+02 4.011612E+02 4.004383E+02 4.004111E+02 4.003089E+02 4.001988E+02 4.001782E+02 4.001361E+02 
9.859182E+03 8.881351E+03 8.881351E+03 7.840250E+03 3.416682E+03 1.586133E+03 6.227002E+02 3.509989E+02 3.264631E+02 3.087436E+02 3.055401E+02 3.036875E+02 3.025622E+02 3.019348E+02 3.014616E+02 3.010914E+02 
5.628669E+03 5.488398E+03 5.196804E+03 4.090789E+03 3.345573E+03 1.477397E+03 5.603158E+02 3.530705E+02 3.220731E+02 3.078090E+02 3.040404E+02 3.023613E+02 3.023053E+02 3.014792E+02 3.012396E+02 3.010686E+02 
8.792154E+03 8.792154E+03 8.368498E+03 5.198658E+03 2.851798E+03 1.454963E+03 6.036724E+02 3.726204E+02 3.307804E+02 3.107552E+02 3.052721E+02 3.028202E+02 3.019047E+02 3.012910E+02 3.012910E+02 3.010392E+02 
8.299869E+03 8.299869E+03 8.299869E+03 6.419869E+03 3.320123E+03 1.292322E+03 5.958305E+02 3.571410E+02 3.196655E+02 3.092318E+02 3.044437E+02 3.026287E+02 3.020921E+02 3.015593E+02 3.012626E+02 3.009702E+02 
9.517688E+03 9.496883E+03 6.687708E+03 4.128222E+03 1.661325E+03 7.990586E+02 6.837277E+02 4.291710E+02 4.037447E+02 4.013420E+02 4.006295E+02 4.003737E+02 4.002991E+02 4.002069E+02 4.001993E+02 4.001532E+02 
8.226167E+03 8.226167E+03 8.226167E+03 8.226167E+03 2.373478E+03 9.353093E+02 7.146171E+02 7.000733E+02 6.713108E+02 4.050699E+02 4.006660E+02 4.004414E+02 4.001993E+02 4.001993E+02 4.001597E+02 4.001535E+02 
9.595941E+03 9.595941E+03 8.163737E+03 5.890053E+03 3.185967E+03 1.728427E+03 7.196346E+02 3.565282E+02 3.260604E+02 3.076318E+02 3.031487E+02 3.024918E+02 3.021578E+02 3.014939E+02 3.011557E+02 3.009719E+02 
1.360644E+04 1.225381E+04 8.341624E+03 5.255487E+03 2.125232E+03 1.098084E+03 6.073820E+02 4.092500E+02 4.027127E+02 4.011401E+02 4.006278E+02 4.003935E+02 4.003541E+02 4.002269E+02 4.002122E+02 4.001273E+02 
9.264145E+03 9.264145E+03 9.264145E+03 4.664169E+03 3.088861E+03 1.651334E+03 5.947828E+02 3.555292E+02 3.221969E+02 3.069217E+02 3.043641E+02 3.028443E+02 3.024224E+02 3.018143E+02 3.012305E+02 3.010083E+02 
1.133621E+04 1.050839E+04 9.562190E+03 5.405470E+03 1.819442E+03 9.337745E+02 6.510419E+02 4.142740E+02 4.037128E+02 4.010968E+02 4.007422E+02 4.005068E+02 4.003367E+02 4.002848E+02 4.001974E+02 4.001554E+02 
1.111156E+04 1.111156E+04 1.100600E+04 6.686875E+03 3.056133E+03 1.624888E+03 6.641403E+02 3.776134E+02 3.222987E+02 3.121283E+02 3.059731E+02 3.044740E+02 3.031522E+02 3.019594E+02 3.013962E+02 3.010341E+02 
1.167263E+04 1.024394E+04 5.533008E+03 4.252752E+03 1.371285E+03 9.059241E+02 4.594567E+02 4.089003E+02 4.029881E+02 4.011400E+02 4.005421E+02 4.005421E+02 4.003447E+02 4.002586E+02 4.002040E+02 4.001621E+02 
1.146648E+04 9.479345E+03 7.858185E+03 3.553171E+03 1.794595E+03 9.200202E+02 6.933462E+02 4.475101E+02 4.042643E+02 4.009527E+02 4.005458E+02 4.003640E+02 4.002681E+02 4.002231E+02 4.001718E+02 4.001663E+02 
6.048368E+03 6.048368E+03 6.048368E+03 4.571028E+03 2.734044E+03 1.548885E+03 6.125535E+02 3.788473E+02 3.294151E+02 3.101486E+02 3.042743E+02 3.037143E+02 3.028733E+02 3.019580E+02 3.013670E+02 3.011588E+02 
9.766178E+03 8.979523E+03 7.552512E+03 5.208485E+03 2.879792E+03 1.583844E+03 7.211660E+02 3.678348E+02 3.261267E+02 3.129231E+02 3.043504E+02 3.029887E+02 3.025814E+02 3.013993E+02 3.012902E+02 3.010158E+02 
1.070148E+04 8.729262E+03 5.689255E+03 4.796579E+03 2.581075E+03 1.209612E+03 5.564304E+02 3.524671E+02 3.236293E+02 3.098039E+02 3.053663E+02 3.036114E+02 3.020746E+02 3.018838E+02 3.009937E+02 3.009502E+02 
1.586756E+04 1.277302E+04 9.400690E+03 4.417234E+03 3.550738E+03 1.439491E+03 6.488085E+02 3.540710E+02 3.249750E+02 3.101489E+02 3.061399E+02 3.033043E+02 3.025793E+02 3.019435E+02 3.014265E+02 3.009489E+02 
1.128648E+04 1.128648E+04 9.228546E+03 6.451176E+03 2.903201E+03 1.531054E+03 5.393808E+02 3.620310E+02 3.260899E+02 3.085088E+02 3.048116E+02 3.033784E+02 3.024106E+02 3.016499E+02 3.013031E+02 3.009207E+02 
1.170094E+04 1.170094E+04 1.170094E+04 6.167859E+03 3.873656E+03 1.839451E+03 6.192954E+02 3.615484E+02 3.258115E+02 3.115636E+02 3.043371E+02 3.029070E+02 3.024809E+02 3.015094E+02 3.012614E+02 3.010337E+02 
1.074016E+04 1.074016E+04 8.358148E+03 6.812147E+03 4.500116E+03 2.423601E+03 6.229378E+02 3.508214E+02 3.224899E+02 3.091445E+02 3.037402E+02 3.037402E+02 3.022210E+02 3.014102E+02 3.010759E+02 3.010251E+02 
7.067148E+03 7.067148E+03 6.149324E+03 4.357841E+03 2.351227E+03 1.426076E+03 4.956935E+02 3.721274E+02 3.303133E+02 3.098119E+02 3.057418E+02 3.036407E+02 3.024709E+02 3.018633E+02 3.012044E+02 3.010531E+02 
1.015623E+04 1.015623E+04 8.619411E+03 4.828123E+03 2.245535E+03 1.455502E+03 5.362046E+02 3.548111E+02 3.307807E+02 3.108868E+02 3.061134E+02 3.037461E+02 3.024470E+02 3.016993E+02 3.012651E+02 3.011280E+02 
1.064266E+04 9.143775E+03 7.190431E+03 4.207737E+03 2.048648E+03 7.998746E+02 7.200047E+02 6.821148E+02 4.455343E+02 4.012255E+02 4.007815E+02 4.003912E+02 4.003151E+02 4.002179E+02 4.001557E+02 4.001469E+02 
9.633303E+03 9.545243E+03 8.932754E+03 6.693108E+03 3.630197E+03 1.571268E+03 7.790337E+02 4.474710E+02 4.026783E+02 4.011836E+02 4.005774E+02 4.004704E+02 4.003267E+02 4.002492E+02 4.001974E+02 4.001662E+02 
