4.393048E+02 4.393048E+02 4.393048E+02 4.174117E+02 2.882536E+02 1.975918E+02 1.863155E+02 1.137888E+02 1.024598E+02 5.491117E+01 2.808968E+01 2.654927E+01 2.645711E+01 2.642326E+01 2.641455E+01 2.641255E+01 
3.273338E+02 3.273338E+02 3.273338E+02 3.180751E+02 3.180751E+02 3.180751E+02 2.400100E+02 2.091146E+02 9.624320E+01 4.515696E+01 2.547085E+01 2.348948E+01 2.331702E+01 2.330792E+01 2.328476E+01 2.183082E+01 
4.445110E+02 3.636272E+02 2.209418E+02 2.209418E+02 2.209418E+02 2.209418E+02 1.763240E+02 1.763240E+02 1.257035E+02 3.903135E+01 2.676063E+01 2.609772E+01 2.609403E+01 2.599676E+01 2.569459E+01 2.552525E+01 
4.496480E+02 4.496480E+02 4.403836E+02 3.778721E+02 3.778721E+02 2.283429E+02 2.134637E+02 1.662150E+02 1.176559E+02 5.179667E+01 2.642746E+01 2.582231E+01 2.580416E+01 2.474684E+01 2.454092E+01 2.430029E+01 
4.766719E+02 4.766719E+02 4.766719E+02 4.122446E+02 3.003627E+02 3.003627E+02 2.207729E+02 1.615700E+02 1.284149E+02 4.290848E+01 2.967327E+01 2.472902E+01 2.470547E+01 2.468603E+01 2.460620E+01 2.422540E+01 
4.684642E+02 4.684642E+02 4.684642E+02 4.684642E+02 3.787326E+02 2.045502E+02 2.045502E+02 2.045502E+02 9.238127E+01 4.199940E+01 2.876030E+01 2.751030E+01 2.748769E+01 2.343573E+01 2.304685E+01 2.303657E+01 
4.922482E+02 4.922482E+02 3.404311E+02 3.404311E+02 3.404311E+02 2.834754E+02 2.377370E+02 1.750972E+02 1.129135E+02 5.071598E+01 2.870094E+01 2.684858E+01 2.678659E+01 2.633030E+01 2.632115E+01 2.630792E+01 
3.205059E+02 3.205059E+02 3.205059E+02 2.859368E+02 2.739011E+02 2.691420E+02 2.040274E+02 1.836919E+02 1.269812E+02 3.363799E+01 2.447946E+01 2.340181E+01 2.316531E+01 2.312209E+01 2.311898E+01 2.310700E+01 
3.422990E+02 3.422990E+02 3.422990E+02 3.422990E+02 2.672506E+02 2.512776E+02 1.909755E+02 1.909755E+02 1.295056E+02 6.067209E+01 2.555217E+01 2.198863E+01 2.190487E+01 2.188957E+01 2.188258E+01 2.187663E+01 
6.936877E+02 4.882504E+02 3.851384E+02 3.568753E+02 2.800099E+02 2.800099E+02 1.892804E+02 1.605616E+02 1.065738E+02 3.766826E+01 2.354146E+01 2.308385E+01 2.275148E+01 2.274313E+01 2.273286E+01 2.235961E+01 
4.773704E+02 4.748634E+02 4.527482E+02 4.202178E+02 2.561893E+02 2.466714E+02 2.285593E+02 1.826382E+02 9.720883E+01 4.405129E+01 2.645880E+01 2.299001E+01 2.260066E+01 2.070193E+01 2.057444E+01 2.047023E+01 
5.821815E+02 3.909761E+02 3.343099E+02 3.343099E+02 2.837314E+02 2.530226E+02 2.502035E+02 1.747873E+02 1.243135E+02 4.420927E+01 2.676816E+01 2.583813E+01 2.580946E+01 2.573212E+01 2.557047E+01 2.534646E+01 
4.710691E+02 4.688343E+02 4.688343E+02 2.898196E+02 2.898196E+02 2.378866E+02 2.378866E+02 1.968565E+02 1.312175E+02 4.609115E+01 2.272310E+01 2.181906E+01 2.178554E+01 2.177820E+01 2.177015E+01 2.176536E+01 
3.281826E+02 3.281826E+02 3.281826E+02 3.281826E+02 3.281826E+02 2.897816E+02 2.109324E+02 2.041334E+02 1.526567E+02 8.687112E+01 6.949174E+01 6.507726E+01 6.192457E+01 6.183234E+01 6.182902E+01 6.182721E+01 
4.560365E+02 4.560365E+02 2.882366E+02 2.882366E+02 2.882366E+02 2.383728E+02 2.383728E+02 1.966783E+02 9.302275E+01 4.308800E+01 2.833036E+01 2.682729E+01 2.653176E+01 2.636844E+01 2.632654E+01 2.632261E+01 
4.183012E+02 4.183012E+02 3.976139E+02 2.480465E+02 2.480465E+02 2.480465E+02 2.248574E+02 2.248574E+02 1.345645E+02 4.589653E+01 2.672898E+01 2.567472E+01 2.534473E+01 2.532003E+01 2.531568E+01 2.531460E+01 
4.347673E+02 4.347673E+02 3.587600E+02 2.978540E+02 2.978540E+02 2.978540E+02 1.719499E+02 1.288762E+02 1.288762E+02 4.695225E+01 2.398356E+01 2.315102E+01 2.284338E+01 2.277207E+01 2.234411E+01 2.234032E+01 
6.376724E+02 4.640019E+02 3.236263E+02 3.236263E+02 3.236263E+02 3.236263E+02 1.509862E+02 1.357399E+02 1.202529E+02 3.681865E+01 2.333377E+01 2.255344E+01 2.058220E+01 2.026037E+01 2.022726E+01 2.016539E+01 
3.886170E+02 3.886170E+02 3.886170E+02 3.274037E+02 2.971464E+02 2.647274E+02 1.816290E+02 1.282346E+02 1.264724E+02 4.658470E+01 2.756514E+01 2.688180E+01 2.675462E+01 2.673628E+01 2.673029E+01 2.630158E+01 
5.066458E+02 5.066458E+02 5.066458E+02 3.790826E+02 3.790826E+02 3.187656E+02 2.731430E+02 1.404235E+02 1.237059E+02 4.751503E+01 2.657448E+01 2.482669E+01 2.469874E+01 2.279653E+01 2.268092E+01 2.267309E+01 
4.079779E+02 4.079779E+02 4.079779E+02 3.015302E+02 3.015302E+02 2.554113E+02 2.554113E+02 1.772042E+02 9.865575E+01 4.459188E+01 3.180867E+01 2.909218E+01 2.905675E+01 2.862386E+01 2.860209E+01 2.860209E+01 
5.526633E+02 5.526633E+02 2.707444E+02 2.707444E+02 2.707444E+02 2.497401E+02 2.497401E+02 2.160886E+02 1.094145E+02 6.912799E+01 3.503947E+01 3.188792E+01 3.060239E+01 3.056292E+01 3.055512E+01 3.054911E+01 
3.946858E+02 3.946858E+02 3.766168E+02 3.766168E+02 3.276233E+02 2.395527E+02 2.395527E+02 1.648507E+02 1.152600E+02 4.486781E+01 2.776737E+01 2.517428E+01 2.512946E+01 2.508506E+01 2.488846E+01 2.487352E+01 
5.275174E+02 4.441009E+02 4.000342E+02 3.790043E+02 3.790043E+02 2.705013E+02 2.681003E+02 1.678603E+02 1.109345E+02 3.698101E+01 2.665989E+01 2.588598E+01 2.585770E+01 2.555029E+01 2.511111E+01 2.502423E+01 
4.707292E+02 4.613661E+02 4.613661E+02 4.118498E+02 3.234989E+02 3.234989E+02 2.703520E+02 1.967955E+02 1.252097E+02 3.587030E+01 2.387289E+01 2.320639E+01 2.310338E+01 2.309554E+01 2.308813E+01 2.208880E+01 
5.427464E+02 4.818934E+02 3.969271E+02 3.848423E+02 3.728754E+02 2.439154E+02 2.090511E+02 1.889097E+02 1.131957E+02 4.081248E+01 2.380762E+01 2.291659E+01 2.288663E+01 2.241741E+01 2.241271E+01 2.241011E+01 
4.212310E+02 4.212310E+02 4.212310E+02 4.212310E+02 4.128054E+02 3.229677E+02 2.891961E+02 2.282035E+02 1.350204E+02 4.650103E+01 2.908691E+01 2.728635E+01 2.722774E+01 2.722186E+01 2.721084E+01 2.720329E+01 
5.142722E+02 5.058469E+02 3.287018E+02 3.287018E+02 3.287018E+02 3.287018E+02 2.224789E+02 1.945739E+02 1.945739E+02 4.922713E+01 3.203013E+01 2.697301E+01 2.654305E+01 2.653892E+01 2.653781E+01 2.652437E+01 
4.863592E+02 4.522405E+02 4.360743E+02 2.653989E+02 2.653989E+02 2.302036E+02 2.302036E+02 1.728877E+02 1.118363E+02 4.112188E+01 2.499171E+01 2.442280E+01 2.413912E+01 2.412667E+01 2.210837E+01 2.210749E+01 
6.482956E+02 5.891860E+02 4.799131E+02 4.148242E+02 2.354530E+02 2.354530E+02 2.354530E+02 1.997791E+02 1.370689E+02 4.730767E+01 2.703329E+01 2.570324E+01 2.565540E+01 2.563662E+01 2.552633E+01 2.549464E+01 
