2.469901E+02 1.661173E+02 1.492839E+02 1.144711E+02 1.045715E+02 1.017981E+02 1.009314E+02 1.008270E+02 1.004321E+02 1.003976E+02 1.003650E+02 1.003211E+02 1.003040E+02 1.002973E+02 1.002970E+02 1.002852E+02 
1.585471E+03 1.585471E+03 2.780732E+02 1.363622E+02 1.095436E+02 1.034013E+02 1.011945E+02 1.006110E+02 1.005226E+02 1.003569E+02 1.002803E+02 1.002749E+02 1.002723E+02 1.002723E+02 1.002637E+02 1.002618E+02 
4.276292E+02 4.026288E+02 3.479703E+02 3.262780E+02 2.811127E+02 2.461321E+02 2.461321E+02 2.317317E+02 2.102575E+02 2.102281E+02 1.012616E+02 1.008229E+02 1.008039E+02 1.005310E+02 1.004795E+02 1.004092E+02 
2.174906E+02 2.174906E+02 1.536418E+02 1.121212E+02 1.040241E+02 1.018376E+02 1.007853E+02 1.006803E+02 1.004001E+02 1.003726E+02 1.003680E+02 1.003649E+02 1.003649E+02 1.003541E+02 1.003492E+02 1.003399E+02 
3.989365E+02 3.787601E+02 1.281819E+02 1.268163E+02 1.068549E+02 1.017949E+02 1.010444E+02 1.008110E+02 1.005540E+02 1.004945E+02 1.004611E+02 1.004545E+02 1.004545E+02 1.004312E+02 1.002880E+02 1.002752E+02 
1.759610E+02 1.759610E+02 1.489931E+02 1.287104E+02 1.093146E+02 1.011891E+02 1.007281E+02 1.005999E+02 1.005264E+02 1.003307E+02 1.003287E+02 1.003140E+02 1.003140E+02 1.002865E+02 1.002742E+02 1.002359E+02 
1.815075E+03 4.013079E+02 3.393200E+02 2.832923E+02 2.832923E+02 2.555185E+02 2.555185E+02 2.149601E+02 2.108097E+02 2.108080E+02 2.108079E+02 1.017919E+02 1.002672E+02 1.002492E+02 1.002320E+02 1.002262E+02 
1.576095E+02 1.576095E+02 1.511781E+02 1.179906E+02 1.099610E+02 1.021362E+02 1.007797E+02 1.006552E+02 1.003848E+02 1.003841E+02 1.003676E+02 1.003626E+02 1.003568E+02 1.003309E+02 1.003226E+02 1.002859E+02 
4.740331E+02 3.566367E+02 3.566367E+02 3.013740E+02 2.710940E+02 2.558707E+02 2.528735E+02 2.230582E+02 2.148732E+02 2.148678E+02 1.006270E+02 1.004942E+02 1.004638E+02 1.003430E+02 1.003226E+02 1.002750E+02 
2.060287E+03 7.238888E+02 1.454623E+02 1.246818E+02 1.070066E+02 1.026755E+02 1.012753E+02 1.007069E+02 1.004230E+02 1.003914E+02 1.003842E+02 1.003842E+02 1.003842E+02 1.003676E+02 1.003565E+02 1.003439E+02 
2.095445E+02 1.967181E+02 1.397805E+02 1.066218E+02 1.049504E+02 1.014351E+02 1.009181E+02 1.005460E+02 1.004245E+02 1.003789E+02 1.003423E+02 1.003367E+02 1.003360E+02 1.003334E+02 1.002665E+02 1.002551E+02 
3.225001E+02 1.822502E+02 1.822502E+02 1.147500E+02 1.058451E+02 1.012452E+02 1.012452E+02 1.005182E+02 1.005182E+02 1.003546E+02 1.003501E+02 1.003415E+02 1.003415E+02 1.003374E+02 1.003182E+02 1.002735E+02 
2.100338E+02 1.517464E+02 1.295155E+02 1.204535E+02 1.071007E+02 1.017140E+02 1.006096E+02 1.006096E+02 1.003728E+02 1.003680E+02 1.003599E+02 1.003588E+02 1.003559E+02 1.003553E+02 1.003467E+02 1.003224E+02 
3.650526E+02 3.650526E+02 3.607850E+02 2.749312E+02 2.749312E+02 2.637711E+02 2.587020E+02 2.238478E+02 2.129149E+02 2.129118E+02 2.129115E+02 2.129115E+02 1.006274E+02 1.005154E+02 1.005012E+02 1.002998E+02 
1.326144E+02 1.326144E+02 1.326144E+02 1.265120E+02 1.054710E+02 1.015163E+02 1.010218E+02 1.007223E+02 1.004114E+02 1.003038E+02 1.002942E+02 1.002942E+02 1.002897E+02 1.002788E+02 1.002558E+02 1.002440E+02 
5.403251E+02 4.245736E+02 1.390011E+02 1.264664E+02 1.121499E+02 1.020391E+02 1.009819E+02 1.007482E+02 1.004399E+02 1.004369E+02 1.004202E+02 1.004202E+02 1.003322E+02 1.003048E+02 1.002586E+02 1.002098E+02 
7.442220E+02 7.442220E+02 1.763051E+02 1.336111E+02 1.042226E+02 1.016860E+02 1.012906E+02 1.008045E+02 1.005510E+02 1.004324E+02 1.004189E+02 1.004189E+02 1.004079E+02 1.003843E+02 1.003622E+02 1.003304E+02 
1.448017E+02 1.439060E+02 1.321205E+02 1.180307E+02 1.034502E+02 1.013243E+02 1.010231E+02 1.004643E+02 1.004156E+02 1.003890E+02 1.003843E+02 1.003687E+02 1.003489E+02 1.003382E+02 1.003344E+02 1.003004E+02 
5.544682E+02 2.477873E+02 1.515606E+02 1.190324E+02 1.055653E+02 1.023160E+02 1.009662E+02 1.006126E+02 1.005072E+02 1.004872E+02 1.004706E+02 1.004498E+02 1.004431E+02 1.004358E+02 1.004182E+02 1.003992E+02 
9.096833E+02 9.096833E+02 2.212230E+02 1.154629E+02 1.031000E+02 1.022157E+02 1.009372E+02 1.005326E+02 1.002986E+02 1.002453E+02 1.002452E+02 1.002412E+02 1.002391E+02 1.002236E+02 1.002195E+02 1.002093E+02 
1.166321E+03 3.412931E+02 1.386912E+02 1.274259E+02 1.070326E+02 1.023334E+02 1.012123E+02 1.006540E+02 1.003981E+02 1.003566E+02 1.003487E+02 1.003407E+02 1.003407E+02 1.003306E+02 1.003189E+02 1.002817E+02 
4.852906E+02 1.493535E+02 1.493535E+02 1.326295E+02 1.040725E+02 1.013655E+02 1.011085E+02 1.006047E+02 1.004043E+02 1.002656E+02 1.002518E+02 1.002469E+02 1.002344E+02 1.002344E+02 1.002260E+02 1.002188E+02 
6.895335E+02 6.196942E+02 4.114205E+02 3.134936E+02 2.902661E+02 2.661201E+02 2.411999E+02 2.095491E+02 2.048466E+02 2.048399E+02 1.006311E+02 1.004932E+02 1.003188E+02 1.003188E+02 1.002678E+02 1.002678E+02 
4.429674E+02 2.063790E+02 1.405295E+02 1.146396E+02 1.083722E+02 1.023573E+02 1.008570E+02 1.006392E+02 1.003110E+02 1.002831E+02 1.002804E+02 1.002780E+02 1.002780E+02 1.002780E+02 1.002727E+02 1.002420E+02 
1.182986E+03 9.810214E+02 1.740733E+02 1.210731E+02 1.054044E+02 1.015957E+02 1.011748E+02 1.006447E+02 1.005773E+02 1.004989E+02 1.004965E+02 1.004666E+02 1.004580E+02 1.003820E+02 1.003726E+02 1.003407E+02 
1.509099E+02 1.509099E+02 1.404554E+02 1.186912E+02 1.090298E+02 1.014878E+02 1.011228E+02 1.006192E+02 1.004781E+02 1.004293E+02 1.004183E+02 1.004024E+02 1.004024E+02 1.004022E+02 1.004022E+02 1.003670E+02 
8.574575E+02 1.753868E+02 1.558421E+02 1.106775E+02 1.038146E+02 1.024208E+02 1.011184E+02 1.008256E+02 1.004969E+02 1.004503E+02 1.004404E+02 1.004378E+02 1.004029E+02 1.003868E+02 1.003669E+02 1.003599E+02 
4.483577E+02 4.013019E+02 3.471879E+02 3.185323E+02 2.845186E+02 2.733701E+02 2.655922E+02 2.446698E+02 2.180712E+02 2.180145E+02 2.180145E+02 1.106003E+02 1.003770E+02 1.003714E+02 1.003363E+02 1.003184E+02 
8.390648E+02 8.390648E+02 4.183499E+02 2.964661E+02 2.883027E+02 2.649684E+02 2.616203E+02 2.465544E+02 2.067344E+02 2.066128E+02 2.066126E+02 2.066126E+02 2.066126E+02 1.003006E+02 1.001718E+02 1.001691E+02 
1.666569E+02 1.666569E+02 1.666569E+02 1.262158E+02 1.101509E+02 1.015165E+02 1.008593E+02 1.004558E+02 1.004021E+02 1.003086E+02 1.002983E+02 1.002962E+02 1.002908E+02 1.002908E+02 1.002840E+02 1.002840E+02 
