3.178015E+02 3.037560E+02 2.589162E+02 2.586562E+02 2.209039E+02 1.880349E+02 1.280037E+02 1.229022E+02 1.203328E+02 9.390099E+01 7.994095E+00 7.959673E+00 7.959673E+00 7.959673E+00 7.959673E+00 7.959673E+00 
3.268353E+02 3.006440E+02 2.975905E+02 2.505276E+02 2.505276E+02 1.750184E+02 1.544240E+02 1.544240E+02 1.422577E+02 7.775565E+01 9.014457E+00 8.954633E+00 8.954632E+00 8.954632E+00 8.954632E+00 8.954632E+00 
3.001839E+02 3.001839E+02 3.001839E+02 2.878566E+02 2.730141E+02 2.154490E+02 1.388606E+02 1.316174E+02 1.165627E+02 4.925675E+01 8.007269E+00 7.959674E+00 7.959673E+00 7.959673E+00 7.959673E+00 7.959673E+00 
2.845143E+02 2.845143E+02 2.555660E+02 2.555660E+02 2.229872E+02 2.190229E+02 1.700007E+02 1.274081E+02 1.213837E+02 8.847039E+01 8.002252E+00 7.959674E+00 7.959673E+00 7.959673E+00 7.959673E+00 7.959673E+00 
3.248470E+02 3.248470E+02 3.095765E+02 2.560828E+02 2.495620E+02 1.970165E+02 1.234163E+02 1.234163E+02 1.234163E+02 5.021052E+01 8.014743E+00 7.959673E+00 7.959673E+00 7.959673E+00 7.959673E+00 7.959673E+00 
2.815846E+02 2.815846E+02 2.649800E+02 2.244805E+02 2.070400E+02 1.754790E+02 1.578267E+02 1.510885E+02 1.251744E+02 7.397335E+01 8.992154E+00 8.954632E+00 8.954632E+00 8.954632E+00 8.954632E+00 8.954632E+00 
2.948593E+02 2.948593E+02 2.896692E+02 2.896692E+02 2.562338E+02 2.181001E+02 1.455114E+02 1.455114E+02 1.236218E+02 5.366397E+01 1.494870E+01 1.492438E+01 1.492438E+01 1.492438E+01 1.492438E+01 1.492438E+01 
3.072141E+02 3.072141E+02 2.896278E+02 2.118501E+02 2.118501E+02 2.077743E+02 1.604208E+02 1.414467E+02 1.223423E+02 7.888558E+01 8.968774E+00 8.954632E+00 8.954632E+00 8.954632E+00 8.954632E+00 8.954632E+00 
2.866421E+02 2.810952E+02 2.765501E+02 2.184652E+02 2.129684E+02 1.786111E+02 1.634786E+02 1.526591E+02 1.267507E+02 7.549341E+01 7.012891E+00 6.964715E+00 6.964714E+00 6.964714E+00 6.964714E+00 6.964714E+00 
2.609677E+02 2.609677E+02 2.609677E+02 2.609677E+02 2.506486E+02 1.914704E+02 1.417097E+02 1.417097E+02 1.415257E+02 6.126180E+01 1.397570E+01 1.392942E+01 1.392942E+01 1.392942E+01 1.392942E+01 1.392942E+01 
3.001962E+02 3.001962E+02 3.001962E+02 2.899537E+02 2.432510E+02 1.887401E+02 1.618675E+02 1.460391E+02 1.306454E+02 5.639129E+01 1.495584E+01 1.492438E+01 1.492438E+01 1.492438E+01 1.492438E+01 1.492438E+01 
3.028945E+02 2.867838E+02 2.401503E+02 2.401503E+02 2.166065E+02 1.866386E+02 1.562795E+02 1.167923E+02 1.167923E+02 9.763721E+01 1.893666E+01 1.890422E+01 1.890422E+01 1.890422E+01 1.890422E+01 1.890422E+01 
3.140813E+02 2.856244E+02 2.701373E+02 2.701373E+02 2.396291E+02 2.147644E+02 1.608008E+02 1.424180E+02 1.246020E+02 2.436017E+01 9.968844E+00 9.949586E+00 9.949586E+00 9.949586E+00 9.949586E+00 9.949586E+00 
3.065163E+02 2.951179E+02 2.645024E+02 2.623542E+02 2.418656E+02 2.047438E+02 1.455932E+02 1.455932E+02 1.277247E+02 4.018789E+01 1.892153E+01 1.890419E+01 1.890419E+01 1.890419E+01 1.890419E+01 1.890419E+01 
2.605361E+02 2.605361E+02 2.605361E+02 2.605361E+02 2.163232E+02 1.976591E+02 1.529320E+02 1.411599E+02 1.188531E+02 3.906984E+01 5.023903E+00 4.974796E+00 4.974796E+00 4.974796E+00 4.974796E+00 4.974796E+00 
2.698025E+02 2.698025E+02 2.698025E+02 2.511510E+02 2.365408E+02 1.993003E+02 1.368961E+02 1.368961E+02 1.368961E+02 6.003521E+01 1.201309E+01 1.193950E+01 1.193950E+01 1.193950E+01 1.193950E+01 1.193950E+01 
2.562555E+02 2.562555E+02 2.562555E+02 2.562555E+02 2.457067E+02 2.147128E+02 1.584336E+02 1.299772E+02 1.299772E+02 4.625239E+01 8.975909E+00 8.954632E+00 8.954632E+00 8.954632E+00 8.954632E+00 8.954632E+00 
2.531704E+02 2.531704E+02 2.531704E+02 2.187236E+02 2.187236E+02 1.877691E+02 1.665722E+02 1.544019E+02 1.166090E+02 8.529607E+01 1.104498E+01 1.094455E+01 1.094454E+01 1.094454E+01 1.094454E+01 1.094454E+01 
2.840155E+02 2.840155E+02 2.840155E+02 2.760349E+02 2.294007E+02 2.142916E+02 1.595980E+02 1.507820E+02 1.280858E+02 9.118029E+01 7.995713E+00 7.959673E+00 7.959673E+00 7.959673E+00 7.959673E+00 7.959673E+00 
2.992261E+02 2.992261E+02 2.992261E+02 2.326708E+02 2.326708E+02 1.932524E+02 1.590307E+02 1.105801E+02 1.070325E+02 3.554154E+01 1.395317E+01 1.392942E+01 1.392942E+01 1.392942E+01 1.392942E+01 1.392942E+01 
3.257798E+02 3.214383E+02 3.084307E+02 2.758901E+02 2.299214E+02 1.984780E+02 1.410165E+02 1.394321E+02 1.351697E+02 3.162767E+01 8.989478E+00 8.954632E+00 8.954632E+00 8.954632E+00 8.954632E+00 8.954632E+00 
2.839429E+02 1.923173E+02 1.923173E+02 1.923173E+02 1.923173E+02 1.788971E+02 1.605947E+02 1.394735E+02 1.057754E+02 6.391136E+01 7.991072E+00 7.959674E+00 7.959673E+00 7.959673E+00 7.959673E+00 7.959673E+00 
2.523124E+02 2.523124E+02 2.523124E+02 2.523124E+02 2.442592E+02 1.683837E+02 1.664627E+02 1.327729E+02 1.122735E+02 6.836061E+01 1.894258E+01 1.890422E+01 1.890422E+01 1.890422E+01 1.890422E+01 1.890422E+01 
2.964708E+02 2.964708E+02 2.896675E+02 2.619302E+02 2.552775E+02 1.976318E+02 1.655855E+02 9.064496E+01 9.064496E+01 9.064496E+01 9.966468E+00 9.949592E+00 9.949591E+00 9.949591E+00 9.949591E+00 9.949591E+00 
2.666183E+02 2.666183E+02 2.666183E+02 2.666183E+02 2.465671E+02 2.068985E+02 1.485942E+02 1.390467E+02 1.245367E+02 6.463781E+01 1.096574E+01 1.094455E+01 1.094454E+01 1.094454E+01 1.094454E+01 1.094454E+01 
3.200987E+02 2.748006E+02 2.519268E+02 2.519268E+02 2.241141E+02 1.818145E+02 1.588198E+02 1.461865E+02 1.306747E+02 2.767836E+01 1.494986E+01 1.492438E+01 1.492438E+01 1.492438E+01 1.492438E+01 1.492438E+01 
3.057652E+02 3.036160E+02 3.036160E+02 2.659781E+02 1.889605E+02 1.683815E+02 1.658038E+02 1.314755E+02 1.279527E+02 7.884507E+01 9.964061E+00 9.949586E+00 9.949586E+00 9.949586E+00 9.949586E+00 9.949586E+00 
3.181748E+02 3.181748E+02 2.970464E+02 2.659606E+02 2.564876E+02 2.096398E+02 1.673113E+02 1.396628E+02 9.839024E+01 6.139683E+01 8.981638E+00 8.954632E+00 8.954632E+00 8.954632E+00 8.954632E+00 8.954632E+00 
2.857505E+02 2.857505E+02 2.646912E+02 2.621207E+02 2.400630E+02 1.774317E+02 1.535739E+02 1.226589E+02 1.226589E+02 5.357643E+01 1.196432E+01 1.193951E+01 1.193951E+01 1.193951E+01 1.193951E+01 1.193951E+01 
3.355967E+02 2.932255E+02 2.932255E+02 2.605100E+02 2.536540E+02 1.905337E+02 1.684292E+02 1.430762E+02 9.129283E+01 9.129283E+01 8.986390E+00 8.954633E+00 8.954632E+00 8.954632E+00 8.954632E+00 8.954632E+00 
