4.146343E+03 1.662529E+03 1.662529E+03 9.933265E+02 1.379112E+02 1.379112E+02 3.062757E+01 2.325463E+00 7.163355E-01 4.547212E-01 4.544254E-01 4.544254E-01 4.544254E-01 4.544254E-01 4.544254E-01 1.357826E-04 
2.666017E+03 2.666017E+03 1.756357E+03 1.427000E+03 3.649446E+02 1.839176E+02 6.381170E+01 2.297167E+00 5.459113E-01 5.442755E-01 5.439549E-01 5.439549E-01 9.016788E-02 8.972226E-02 8.964377E-02 8.964377E-02 
3.728552E+03 1.732763E+03 1.732763E+03 9.256895E+02 4.156614E+02 3.505587E+02 5.994460E+01 1.170258E+01 3.923949E+00 3.906376E+00 3.887106E+00 3.272742E+00 1.792878E-01 1.792772E-01 8.981157E-02 2.373807E-04 
3.990792E+03 2.524601E+03 1.118394E+03 7.903176E+02 5.566338E+02 2.321580E+02 2.598691E+01 6.067769E-01 9.033891E-02 8.980078E-02 8.969548E-02 8.969548E-02 8.969548E-02 8.969055E-02 8.969055E-02 8.969055E-02 
3.160276E+03 3.023648E+03 1.598902E+03 1.598902E+03 4.784840E+02 1.185097E+02 9.639508E+00 2.692358E-01 1.797610E-01 1.792518E-01 1.791381E-01 1.791381E-01 1.791381E-01 8.992482E-02 2.313838E-04 2.313838E-04 
2.772150E+03 1.835215E+03 1.835215E+03 1.185132E+03 7.934878E+02 2.565040E+02 3.722263E+01 1.962553E+00 4.555193E-01 4.547407E-01 4.544618E-01 4.544618E-01 4.544618E-01 4.544618E-01 4.544618E-01 2.709847E-04 
2.441454E+03 2.069118E+03 2.069118E+03 1.021636E+03 4.516642E+02 2.629554E+02 2.170795E+01 5.166277E-01 9.175233E-02 8.972460E-02 8.962743E-02 8.962743E-02 8.962743E-02 8.962743E-02 2.064925E-03 1.310848E-04 
2.392448E+03 2.392448E+03 1.380118E+03 1.380118E+03 5.095840E+02 2.049769E+02 3.817700E+01 2.261403E+00 1.519540E+00 1.518098E+00 2.833989E-01 2.714362E-04 2.061589E-04 2.061589E-04 1.153659E-04 1.153659E-04 
2.014150E+03 2.014150E+03 1.605465E+03 1.605465E+03 4.395633E+02 1.109940E+02 2.350969E+01 1.553450E+00 9.316491E-02 8.978600E-02 8.961903E-02 2.990107E-04 2.565438E-04 2.565438E-04 2.565438E-04 1.569916E-04 
1.993128E+03 1.993128E+03 1.619247E+03 1.619247E+03 1.174232E+03 1.930593E+02 1.322145E+01 8.895606E-01 5.453420E-01 5.442097E-01 3.114776E-01 8.980160E-02 8.973026E-02 8.973026E-02 8.973026E-02 8.971216E-02 
2.648711E+03 2.423008E+03 2.402442E+03 1.597069E+03 6.337520E+02 2.799466E+02 2.466634E+01 2.136505E+00 1.871775E-02 2.482209E-04 5.118170E-05 5.118170E-05 5.118170E-05 5.118170E-05 5.118170E-05 5.118170E-05 
2.426814E+03 2.426814E+03 2.426814E+03 2.395837E+03 1.072812E+03 1.753392E+02 3.677019E+01 6.906697E-01 1.795312E-03 2.018664E-04 1.299167E-04 1.299167E-04 1.299167E-04 1.299167E-04 1.299167E-04 1.299167E-04 
1.867744E+03 1.016147E+03 1.016147E+03 1.016147E+03 3.918014E+02 2.736176E+02 2.791524E+01 6.216359E-01 9.370734E-02 8.979257E-02 8.969740E-02 8.963416E-02 8.963416E-02 8.963416E-02 1.987415E-03 2.823817E-04 
2.486705E+03 1.972997E+03 1.293896E+03 8.236875E+02 4.482788E+02 9.653539E+01 2.347551E+01 1.419308E+00 4.560534E-01 4.548858E-01 4.544214E-01 4.544214E-01 4.544214E-01 4.544214E-01 4.544214E-01 9.013535E-02 
4.172347E+03 3.485125E+03 2.280430E+03 1.654444E+03 2.197590E+02 6.068402E+01 1.825071E+01 9.919408E-01 6.350967E-01 6.337072E-01 6.334826E-01 6.334826E-01 6.334826E-01 6.311571E-01 2.928288E-04 2.698726E-04 
1.755031E+03 1.755031E+03 1.117075E+03 8.695226E+02 1.944640E+02 1.024237E+02 2.243198E+01 1.570886E+00 6.350663E-01 6.336044E-01 6.335330E-01 6.335330E-01 4.547107E-01 4.546466E-01 4.546298E-01 1.793155E-01 
2.648017E+03 2.648017E+03 2.282807E+03 1.839030E+03 1.149296E+03 2.088074E+02 4.817357E+01 1.498409E+00 5.448138E-01 5.441131E-01 5.440465E-01 5.440465E-01 5.440465E-01 1.793717E-01 3.438700E-04 2.233329E-04 
1.560579E+03 1.560579E+03 1.379775E+03 5.868858E+02 5.868858E+02 2.667123E+02 3.414696E+01 6.598532E+00 1.308880E+00 9.985025E-01 9.983133E-01 9.983133E-01 4.547037E-01 4.546711E-01 4.545530E-01 4.545530E-01 
2.660823E+03 2.473474E+03 1.520992E+03 1.204442E+03 4.079043E+02 2.792102E+02 7.648972E+01 6.269480E-01 2.698421E-01 2.686982E-01 2.686669E-01 2.686669E-01 9.014587E-02 8.976888E-02 8.976888E-02 8.971962E-02 
3.433082E+03 1.357527E+03 1.148463E+03 9.310527E+02 5.696536E+02 4.384860E+02 4.464072E+01 1.485172E+00 9.247123E-02 8.981735E-02 8.966127E-02 8.966127E-02 3.622340E-04 2.271465E-04 2.271465E-04 1.868371E-04 
2.236718E+03 2.236718E+03 2.236718E+03 1.217644E+03 7.025474E+02 3.337242E+02 1.196398E+01 1.239482E+00 9.101281E-01 9.091279E-01 9.088442E-01 9.088442E-01 5.444191E-01 5.441574E-01 5.440800E-01 5.440385E-01 
2.926443E+03 2.926443E+03 1.298683E+03 9.689838E+02 4.871554E+02 1.668593E+02 4.554445E+01 3.168841E+00 6.366638E-01 6.338800E-01 5.607505E-01 8.964149E-02 6.127796E-04 2.431306E-04 1.645758E-04 1.645758E-04 
2.221491E+03 1.831925E+03 1.665812E+03 1.109338E+03 5.805451E+02 2.387900E+02 2.826499E+01 4.015726E-01 9.054506E-02 8.974128E-02 8.966917E-02 8.966917E-02 8.966917E-02 8.966917E-02 2.550407E-04 1.591208E-04 
3.172957E+03 1.974119E+03 1.974119E+03 1.082580E+03 4.658918E+02 1.738979E+02 7.885143E+01 3.010803E+00 7.929850E-02 3.909370E-04 7.161972E-05 7.161972E-05 7.161972E-05 7.161972E-05 7.161972E-05 7.161972E-05 
3.173950E+03 3.173950E+03 1.526319E+03 1.058985E+03 4.781152E+02 8.454133E+01 1.810367E+01 1.298302E+00 5.447206E-01 5.442543E-01 5.440198E-01 5.440198E-01 5.440198E-01 5.440198E-01 8.976468E-02 2.164706E-04 
2.518531E+03 2.448565E+03 1.496383E+03 4.926587E+02 4.926587E+02 1.964003E+02 6.318810E+01 4.778856E-01 6.308691E-04 2.545987E-04 1.251988E-04 1.251988E-04 1.251988E-04 1.251988E-04 1.251988E-04 1.251988E-04 
3.020909E+03 3.020909E+03 1.592836E+03 1.592836E+03 3.164583E+02 1.850487E+02 3.927909E+01 7.384855E+00 2.281699E-03 2.098256E-04 7.281679E-05 7.281679E-05 7.281679E-05 7.281679E-05 7.281679E-05 7.281679E-05 
2.671440E+03 2.671440E+03 2.310908E+03 1.443736E+03 4.414917E+02 2.334969E+02 3.428664E+01 1.986750E+00 2.706239E-01 2.687018E-01 2.686778E-01 1.793514E-01 1.792611E-01 1.791974E-01 1.292868E-04 1.257715E-04 
4.059449E+03 1.817552E+03 1.817552E+03 1.254871E+03 6.114376E+02 2.785123E+02 2.199335E+01 3.476146E+00 1.088799E+00 1.088103E+00 1.087850E+00 1.087850E+00 9.095955E-01 9.089591E-01 4.545728E-01 8.970464E-02 
2.892997E+03 2.892997E+03 1.394369E+03 9.896089E+02 6.672912E+02 7.208292E+01 5.391526E+01 9.074379E-01 5.456942E-01 5.439499E-01 5.439499E-01 5.439499E-01 5.439499E-01 5.439499E-01 2.308462E-04 2.066530E-04 
