4.245015E+03 1.511674E+03 5.594742E+02 2.244749E+02 1.306750E+02 1.108729E+02 1.012093E+02 1.010079E+02 1.007271E+02 1.006132E+02 1.004887E+02 1.004887E+02 1.004276E+02 1.003756E+02 1.003167E+02 1.002905E+02 
5.550914E+03 5.550914E+03 5.550914E+03 3.345959E+02 1.642634E+02 1.098741E+02 1.013353E+02 1.009840E+02 1.007303E+02 1.007045E+02 1.004575E+02 1.004239E+02 1.003909E+02 1.003367E+02 1.002952E+02 1.002695E+02 
5.493727E+03 5.088634E+03 5.088634E+03 4.837228E+03 4.837228E+03 4.398763E+03 4.398763E+03 1.010865E+02 1.005026E+02 1.005026E+02 1.004267E+02 1.004192E+02 1.003817E+02 1.002958E+02 1.002958E+02 1.002847E+02 
5.910842E+03 5.298528E+03 5.298528E+03 5.211945E+03 2.416651E+02 1.212735E+02 1.014966E+02 1.008200E+02 1.006854E+02 1.005899E+02 1.005552E+02 1.005125E+02 1.004801E+02 1.003884E+02 1.003715E+02 1.003177E+02 
5.523559E+03 5.523559E+03 5.210646E+03 5.001138E+03 5.001138E+03 4.814741E+03 2.686068E+03 1.724783E+03 1.522162E+03 1.302019E+03 1.301030E+03 1.300905E+03 1.083443E+03 1.083289E+03 1.083243E+03 1.083226E+03 
5.798076E+03 5.196653E+03 5.122940E+03 4.862957E+03 4.828997E+03 4.630673E+03 4.228426E+03 1.616686E+03 7.979357E+02 7.430229E+02 7.424323E+02 5.339990E+02 5.245757E+02 5.244803E+02 5.244552E+02 5.244334E+02 
5.976461E+03 5.926357E+03 5.026969E+03 5.026969E+03 4.987475E+03 4.509579E+03 4.509579E+03 2.141947E+03 1.820834E+03 1.591173E+03 9.648723E+02 9.634215E+02 9.633268E+02 9.633091E+02 9.632641E+02 9.632402E+02 
5.777105E+03 5.683413E+03 2.793525E+03 2.793525E+03 2.793525E+03 2.793525E+03 2.793525E+03 1.014416E+02 1.009885E+02 1.008127E+02 1.006600E+02 1.005704E+02 1.005037E+02 1.004458E+02 1.004211E+02 1.003872E+02 
5.697191E+03 5.697191E+03 2.640220E+03 1.977247E+02 1.527151E+02 1.049511E+02 1.008736E+02 1.007608E+02 1.006800E+02 1.005588E+02 1.005094E+02 1.004576E+02 1.004505E+02 1.003649E+02 1.003557E+02 1.003069E+02 
2.425898E+03 2.425898E+03 1.602438E+03 2.489631E+02 1.298022E+02 1.069135E+02 1.009112E+02 1.009076E+02 1.006969E+02 1.006287E+02 1.005691E+02 1.004888E+02 1.004662E+02 1.003735E+02 1.003735E+02 1.003418E+02 
5.416194E+03 5.416194E+03 5.034544E+03 5.034544E+03 4.468324E+03 4.468324E+03 1.748959E+02 1.007804E+02 1.007804E+02 1.006218E+02 1.005697E+02 1.005373E+02 1.004250E+02 1.004144E+02 1.004061E+02 1.003841E+02 
5.914997E+03 5.914997E+03 1.981563E+03 2.384892E+02 1.325857E+02 1.028335E+02 1.013163E+02 1.011174E+02 1.007593E+02 1.007384E+02 1.005836E+02 1.005490E+02 1.004770E+02 1.003907E+02 1.003650E+02 1.003243E+02 
5.850685E+03 5.633952E+03 5.633952E+03 5.061265E+03 1.807756E+02 1.135756E+02 1.014633E+02 1.007162E+02 1.007162E+02 1.006632E+02 1.005225E+02 1.005225E+02 1.004822E+02 1.004192E+02 1.003654E+02 1.003508E+02 
5.514665E+03 5.514665E+03 5.514665E+03 3.017613E+03 1.981585E+02 1.092413E+02 1.012416E+02 1.009308E+02 1.007470E+02 1.006029E+02 1.005003E+02 1.003960E+02 1.003171E+02 1.003171E+02 1.003148E+02 1.002477E+02 
5.671982E+03 2.884549E+03 3.291476E+02 2.210080E+02 1.539900E+02 1.102010E+02 1.014056E+02 1.008470E+02 1.007490E+02 1.005620E+02 1.005303E+02 1.005303E+02 1.004989E+02 1.004427E+02 1.003883E+02 1.003606E+02 
5.720252E+03 5.316976E+03 5.236045E+03 5.068877E+03 5.636567E+02 1.277428E+02 1.013726E+02 1.012749E+02 1.008665E+02 1.008081E+02 1.007841E+02 1.005923E+02 1.005923E+02 1.005018E+02 1.004503E+02 1.003335E+02 
5.088623E+03 5.088623E+03 4.774611E+03 9.555345E+02 1.634083E+02 1.072539E+02 1.010812E+02 1.009577E+02 1.007537E+02 1.005573E+02 1.004844E+02 1.004399E+02 1.004273E+02 1.003434E+02 1.003100E+02 1.002854E+02 
3.544842E+03 3.083757E+03 1.696460E+03 2.000833E+02 1.443768E+02 1.055742E+02 1.009729E+02 1.007460E+02 1.006125E+02 1.003957E+02 1.003957E+02 1.003957E+02 1.003935E+02 1.003690E+02 1.003437E+02 1.003110E+02 
5.232307E+03 5.175087E+03 5.175087E+03 4.976195E+03 4.976195E+03 3.904138E+02 1.009728E+02 1.009562E+02 1.007876E+02 1.006907E+02 1.006607E+02 1.004372E+02 1.004372E+02 1.004372E+02 1.003886E+02 1.003046E+02 
1.517831E+03 8.251351E+02 2.979410E+02 2.397481E+02 1.446267E+02 1.027490E+02 1.012084E+02 1.008285E+02 1.005966E+02 1.004534E+02 1.004506E+02 1.004097E+02 1.003815E+02 1.003237E+02 1.002996E+02 1.002414E+02 
5.783465E+03 5.336000E+03 5.336000E+03 5.239242E+03 4.890184E+03 4.340274E+03 3.824880E+03 1.939207E+03 1.014783E+02 1.007927E+02 1.005572E+02 1.005030E+02 1.004675E+02 1.004237E+02 1.003377E+02 1.003030E+02 
5.806428E+03 5.227983E+03 4.778698E+03 4.690721E+03 1.924584E+02 1.143427E+02 1.015165E+02 1.008926E+02 1.005296E+02 1.005296E+02 1.005295E+02 1.004384E+02 1.004382E+02 1.003924E+02 1.003692E+02 1.003169E+02 
5.910658E+03 4.964295E+03 4.410803E+03 3.117727E+02 1.490264E+02 1.115989E+02 1.012829E+02 1.011942E+02 1.007497E+02 1.006055E+02 1.004420E+02 1.004109E+02 1.004104E+02 1.003397E+02 1.003212E+02 1.002922E+02 
1.749453E+03 1.749453E+03 1.628855E+03 3.223839E+02 1.372842E+02 1.024153E+02 1.011269E+02 1.009818E+02 1.007043E+02 1.004338E+02 1.004338E+02 1.003767E+02 1.003472E+02 1.003472E+02 1.002958E+02 1.002754E+02 
5.028807E+03 5.028807E+03 5.028807E+03 2.042316E+03 1.647008E+02 1.144836E+02 1.009504E+02 1.008614E+02 1.007683E+02 1.006060E+02 1.006060E+02 1.005780E+02 1.004965E+02 1.004446E+02 1.003953E+02 1.003764E+02 
5.641296E+03 5.641296E+03 5.641296E+03 5.477121E+03 3.539771E+03 1.151864E+02 1.011607E+02 1.007120E+02 1.007120E+02 1.005445E+02 1.005271E+02 1.004037E+02 1.003736E+02 1.003580E+02 1.003205E+02 1.003205E+02 
5.717504E+03 5.262729E+03 5.262729E+03 4.861809E+03 4.806436E+03 4.362977E+03 4.113726E+03 1.858465E+03 8.709613E+02 6.431490E+02 6.421514E+02 6.420276E+02 6.419482E+02 6.419387E+02 6.419273E+02 6.419165E+02 
5.262098E+03 5.262098E+03 4.779927E+03 3.700391E+02 1.424163E+02 1.076506E+02 1.012038E+02 1.007479E+02 1.005571E+02 1.005312E+02 1.004736E+02 1.003786E+02 1.003786E+02 1.003547E+02 1.003240E+02 1.002728E+02 
6.272443E+03 3.416060E+03 3.394002E+03 2.835972E+02 1.320559E+02 1.035469E+02 1.006697E+02 1.006697E+02 1.005872E+02 1.005872E+02 1.005357E+02 1.004644E+02 1.004453E+02 1.004142E+02 1.003666E+02 1.003326E+02 
5.504779E+03 5.504779E+03 5.262148E+03 5.096846E+03 8.473720E+02 1.235615E+02 1.014343E+02 1.009720E+02 1.008327E+02 1.006567E+02 1.005894E+02 1.005498E+02 1.003815E+02 1.003815E+02 1.002945E+02 1.002915E+02 
