1.419200E+03 8.353764E+02 5.736985E+02 2.866998E+02 7.729728E+01 4.597254E+01 4.597254E+01 3.349858E+01 2.743603E+01 2.216526E+01 2.200499E+01 2.197202E+01 2.196220E+01 2.196220E+01 2.195243E+01 2.194827E+01 
1.034909E+03 8.230320E+02 5.244995E+02 3.913512E+02 2.218108E+02 7.712497E+01 5.080034E+01 3.347653E+01 2.628717E+01 2.111387E+01 2.103237E+01 2.100069E+01 2.098080E+01 2.094689E+01 2.090127E+01 2.089893E+01 
1.683080E+03 1.683080E+03 5.653087E+02 5.653087E+02 1.951010E+02 1.310132E+02 5.069846E+01 2.909405E+01 2.620703E+01 2.563259E+01 2.386040E+01 2.355852E+01 2.323912E+01 2.208429E+01 2.139375E+01 2.136284E+01 
7.885476E+02 6.741259E+02 4.990846E+02 1.352654E+02 1.352654E+02 1.352654E+02 8.819850E+01 3.511226E+01 2.640076E+01 2.090530E+01 2.083546E+01 2.078613E+01 2.077585E+01 2.077434E+01 2.076638E+01 2.076030E+01 
9.114739E+02 9.114739E+02 1.709029E+02 1.709029E+02 1.035994E+02 1.035994E+02 5.059488E+01 3.155098E+01 2.456463E+01 2.211062E+01 2.210443E+01 2.204067E+01 2.203020E+01 2.203020E+01 2.202931E+01 2.202473E+01 
3.087026E+02 3.087026E+02 3.087026E+02 3.087026E+02 1.262924E+02 9.853826E+01 5.772652E+01 3.144271E+01 2.260750E+01 2.208475E+01 2.207676E+01 2.205818E+01 2.204448E+01 2.203718E+01 2.203122E+01 2.202077E+01 
2.404625E+03 1.277320E+03 9.449826E+02 5.691293E+02 1.529589E+02 9.786636E+01 4.369696E+01 2.824418E+01 2.381163E+01 2.174251E+01 2.173259E+01 2.169095E+01 2.167362E+01 2.167362E+01 2.167362E+01 2.167362E+01 
1.004880E+03 5.877316E+02 4.244109E+02 2.468450E+02 5.228423E+01 5.228423E+01 3.922388E+01 2.744702E+01 2.183781E+01 2.104075E+01 2.104075E+01 2.098152E+01 2.092554E+01 2.092398E+01 2.090631E+01 2.090631E+01 
3.673827E+03 9.614088E+02 9.614088E+02 5.205971E+02 4.089993E+02 5.205536E+01 4.109969E+01 2.508663E+01 2.288756E+01 2.275471E+01 2.253553E+01 2.252997E+01 2.251552E+01 2.250352E+01 2.250352E+01 2.250044E+01 
2.774481E+03 1.095349E+03 7.495317E+02 5.949653E+02 3.855915E+02 3.915076E+01 3.915076E+01 2.960409E+01 2.445764E+01 2.275711E+01 2.275711E+01 2.272529E+01 2.270696E+01 2.270589E+01 2.269676E+01 2.235966E+01 
7.877841E+02 7.877841E+02 5.185356E+02 2.710355E+02 7.396552E+01 7.396552E+01 4.311067E+01 2.832103E+01 2.290668E+01 2.112363E+01 2.092077E+01 2.089857E+01 2.089857E+01 2.089726E+01 2.088616E+01 2.082280E+01 
9.116382E+02 9.116382E+02 6.444721E+02 3.749251E+02 1.293404E+02 6.982675E+01 5.127822E+01 2.777570E+01 2.572106E+01 2.185603E+01 2.142075E+01 2.140650E+01 2.140650E+01 2.140650E+01 2.139653E+01 2.139191E+01 
1.049455E+03 5.996331E+02 5.109705E+02 2.509533E+02 1.190832E+02 8.591598E+01 4.753239E+01 3.090921E+01 2.619218E+01 2.210376E+01 2.206308E+01 2.204348E+01 2.204256E+01 2.204256E+01 2.204256E+01 2.203486E+01 
4.320842E+03 3.880828E+03 5.332938E+02 2.879817E+02 8.209775E+01 4.222011E+01 4.222011E+01 2.939848E+01 2.700634E+01 2.344695E+01 2.122354E+01 2.121935E+01 2.119322E+01 2.119322E+01 2.118472E+01 2.118472E+01 
3.786418E+03 2.115994E+03 5.778776E+02 2.492502E+02 2.284516E+02 2.210530E+02 5.181226E+01 2.659359E+01 2.240789E+01 2.228864E+01 2.226226E+01 2.225047E+01 2.224690E+01 2.223669E+01 2.222579E+01 2.222260E+01 
8.085130E+02 7.158940E+02 3.461092E+02 3.209889E+02 1.100229E+02 9.481485E+01 4.294870E+01 2.800147E+01 2.697714E+01 2.291973E+01 2.290531E+01 2.285088E+01 2.284617E+01 2.282055E+01 2.282055E+01 2.281435E+01 
1.508519E+03 1.508519E+03 9.494947E+02 1.645326E+02 1.645326E+02 7.050106E+01 4.718635E+01 2.710831E+01 2.328337E+01 2.236923E+01 2.117704E+01 2.116950E+01 2.115804E+01 2.115414E+01 2.113961E+01 2.113961E+01 
9.224639E+02 4.400067E+02 4.400067E+02 4.400067E+02 3.751003E+02 1.993129E+02 3.823459E+01 2.721650E+01 2.586603E+01 2.378537E+01 2.373939E+01 2.373270E+01 2.371663E+01 2.371663E+01 2.370596E+01 2.348274E+01 
1.045568E+03 9.374086E+02 4.222770E+02 3.517349E+02 2.845141E+02 2.103716E+02 1.652349E+02 3.803162E+01 2.445076E+01 2.120461E+01 2.107179E+01 2.104301E+01 2.103863E+01 2.103564E+01 2.102556E+01 2.102070E+01 
2.865893E+02 2.865893E+02 2.865893E+02 2.865893E+02 2.587451E+02 6.333606E+01 4.875945E+01 3.178694E+01 2.221613E+01 2.185714E+01 2.185424E+01 2.182736E+01 2.181901E+01 2.181467E+01 2.181449E+01 2.180660E+01 
1.659607E+03 1.388958E+03 9.588691E+02 7.720781E+02 3.963001E+02 2.295894E+02 4.876141E+01 2.614199E+01 2.189097E+01 2.173878E+01 2.173878E+01 2.170589E+01 2.170039E+01 2.169849E+01 2.168714E+01 2.168661E+01 
5.645025E+02 5.645025E+02 5.645025E+02 3.974466E+02 1.005660E+02 7.022714E+01 5.052186E+01 2.973557E+01 2.375974E+01 2.338206E+01 2.336213E+01 2.333967E+01 2.333834E+01 2.315223E+01 2.314027E+01 2.314027E+01 
1.353098E+03 8.280043E+02 3.940178E+02 3.940178E+02 1.153371E+02 8.993402E+01 4.474335E+01 2.918421E+01 2.542149E+01 2.196462E+01 2.196462E+01 2.192959E+01 2.190711E+01 2.190711E+01 2.190020E+01 2.189897E+01 
7.686651E+02 7.686651E+02 6.605707E+02 2.562952E+02 2.165694E+02 1.076890E+02 5.890611E+01 3.735935E+01 2.521419E+01 2.181531E+01 2.152134E+01 2.150139E+01 2.148862E+01 2.148395E+01 2.147786E+01 2.146723E+01 
1.114066E+04 1.114066E+04 8.562959E+02 2.321010E+02 9.688420E+01 5.525129E+01 5.525129E+01 3.403535E+01 2.749287E+01 2.197190E+01 2.146817E+01 2.139770E+01 2.139770E+01 2.139291E+01 2.139255E+01 2.138582E+01 
1.044383E+03 1.044383E+03 1.044383E+03 2.137696E+02 6.491856E+01 6.491856E+01 5.683987E+01 3.525445E+01 2.380805E+01 2.152489E+01 2.146987E+01 2.141991E+01 2.141991E+01 2.139690E+01 2.139690E+01 2.125084E+01 
1.461266E+03 1.461266E+03 5.802159E+02 5.802159E+02 9.378071E+01 9.378071E+01 4.651574E+01 3.299825E+01 2.405896E+01 2.207156E+01 2.205158E+01 2.200580E+01 2.200580E+01 2.125846E+01 2.121248E+01 2.121248E+01 
6.078481E+02 5.808974E+02 5.808974E+02 3.093137E+02 1.713050E+02 1.084464E+02 6.238780E+01 2.649589E+01 2.355051E+01 1.890954E+01 1.871833E+01 1.870280E+01 1.701761E+01 1.699952E+01 5.645672E+00 5.639419E+00 
7.809128E+02 7.809128E+02 7.262748E+02 3.681535E+02 2.100540E+02 1.928624E+02 1.850337E+02 1.713149E+02 1.654237E+02 1.442579E+02 2.226667E+01 2.210060E+01 2.208162E+01 2.207636E+01 2.207274E+01 2.206879E+01 
3.476033E+04 2.977988E+03 7.042017E+02 3.475820E+02 1.406276E+02 6.633766E+01 4.102976E+01 2.311880E+01 2.230899E+01 2.220122E+01 2.218520E+01 2.216424E+01 2.216424E+01 2.216062E+01 2.215510E+01 2.214821E+01 
