1.696965E+03 1.696965E+03 1.696965E+03 1.696965E+03 1.351112E+03 7.206948E+02 2.065065E+02 9.358434E+01 5.935143E+01 4.991316E+01 4.909962E+01 4.908469E+01 4.908450E+01 4.908448E+01 4.908448E+01 4.908448E+01 
8.753050E+03 8.753050E+03 7.347836E+03 7.347836E+03 4.805993E+03 1.472897E+03 1.903905E+02 8.762933E+01 5.557439E+01 5.016933E+01 4.910543E+01 4.908499E+01 4.908460E+01 4.908449E+01 4.908448E+01 4.908448E+01 
7.880277E+03 7.529559E+03 7.529559E+03 7.006448E+03 2.675797E+03 1.057243E+03 2.581266E+02 1.341107E+02 6.069036E+01 5.010041E+01 4.910659E+01 4.908450E+01 4.908449E+01 4.908449E+01 4.908448E+01 4.908448E+01 
5.814257E+03 5.435833E+03 5.435833E+03 4.792660E+03 3.130353E+03 1.241997E+03 3.747996E+02 1.471351E+02 9.638897E+01 7.638275E+01 7.462681E+01 6.776741E+01 1.208436E-01 6.542709E-07 5.186787E-07 4.909361E-07 
1.011952E+04 9.778508E+03 7.016632E+03 7.016632E+03 2.709834E+03 1.026487E+03 2.524989E+02 9.817241E+01 5.944946E+01 5.014334E+01 4.914976E+01 4.908471E+01 4.908454E+01 4.908450E+01 4.908449E+01 4.908448E+01 
9.570849E+03 9.570849E+03 9.570849E+03 4.758357E+03 4.077748E+03 4.802481E+02 9.588759E+01 8.772979E+01 6.488149E+01 5.051655E+01 4.909826E+01 4.908458E+01 4.908448E+01 4.908448E+01 4.908448E+01 4.908448E+01 
8.094362E+03 8.094362E+03 8.094362E+03 8.094362E+03 4.260720E+03 7.806669E+02 1.552135E+02 1.036108E+02 6.173293E+01 5.001250E+01 4.909807E+01 4.908490E+01 4.908455E+01 4.908448E+01 4.908448E+01 4.908448E+01 
6.015777E+03 5.223392E+03 5.223392E+03 3.642043E+03 3.520018E+03 1.194622E+03 2.044063E+02 1.183493E+02 5.996738E+01 4.999973E+01 4.910193E+01 4.908471E+01 4.908450E+01 4.908448E+01 4.908448E+01 4.908448E+01 
5.502860E+03 5.502860E+03 5.502860E+03 5.311829E+03 3.546102E+03 1.204601E+03 1.666261E+02 9.094486E+01 5.633039E+01 5.030528E+01 4.915091E+01 4.908451E+01 4.908449E+01 4.908448E+01 4.908448E+01 4.908448E+01 
7.173737E+03 4.715695E+03 4.632467E+03 3.736930E+03 9.233646E+02 8.285234E+02 2.215585E+02 1.424516E+02 6.596285E+01 5.053293E+01 4.913164E+01 4.908473E+01 4.908460E+01 4.908451E+01 4.908449E+01 4.908448E+01 
6.198747E+03 6.100647E+03 4.015355E+03 4.015355E+03 3.743347E+03 1.335087E+03 1.858204E+02 7.458787E+01 5.847518E+01 5.018499E+01 4.909735E+01 4.908461E+01 4.908453E+01 4.908448E+01 4.908448E+01 4.908448E+01 
5.868630E+03 5.064466E+03 4.981111E+03 4.981111E+03 2.838731E+03 1.160826E+03 2.510158E+02 1.241325E+02 7.886908E+01 5.183756E+01 4.913628E+01 4.908465E+01 4.908454E+01 4.908450E+01 4.908449E+01 4.908448E+01 
8.911636E+03 7.237041E+03 6.706827E+03 6.706827E+03 3.495355E+03 1.296322E+03 2.165956E+02 9.415347E+01 5.799552E+01 5.021497E+01 4.912361E+01 4.908474E+01 4.908457E+01 4.908452E+01 4.908449E+01 4.908448E+01 
6.719886E+03 6.719886E+03 6.719886E+03 5.987307E+03 2.404406E+03 8.117281E+02 3.331196E+02 1.252047E+02 5.987040E+01 4.966634E+01 4.915106E+01 4.908452E+01 4.908450E+01 4.908449E+01 4.908448E+01 4.908448E+01 
7.154463E+03 7.154463E+03 7.154463E+03 7.154463E+03 2.151216E+03 4.687899E+02 1.292025E+02 7.163488E+01 5.972816E+01 5.007129E+01 4.496022E+01 4.489574E+01 4.489553E+01 4.489547E+01 4.489547E+01 4.489547E+01 
7.650859E+03 7.650859E+03 7.189768E+03 5.700165E+03 3.852645E+03 9.186316E+02 2.950805E+02 1.584650E+02 6.790442E+01 5.069538E+01 4.911136E+01 4.908486E+01 4.908460E+01 4.908450E+01 4.908449E+01 4.908448E+01 
7.510927E+03 6.332340E+03 6.332340E+03 5.920991E+03 3.648361E+03 1.353585E+03 3.490936E+02 1.006835E+02 5.931675E+01 5.000934E+01 4.912803E+01 4.908455E+01 4.908451E+01 4.908449E+01 4.908448E+01 4.908448E+01 
4.597359E+03 4.534454E+03 3.277323E+03 3.041760E+03 2.621483E+03 5.854618E+02 2.172932E+02 1.490833E+02 6.101554E+01 5.022836E+01 4.915884E+01 4.915766E+01 4.489683E+01 4.489548E+01 4.489547E+01 4.489547E+01 
8.541994E+03 8.541994E+03 8.541994E+03 6.407105E+03 2.800746E+03 1.461372E+03 2.335607E+02 1.097656E+02 6.055721E+01 4.983263E+01 4.909357E+01 4.908509E+01 4.908457E+01 4.908449E+01 4.908448E+01 4.908448E+01 
8.654451E+03 7.299677E+03 7.240540E+03 5.394867E+03 3.378483E+03 1.573809E+03 3.031172E+02 1.463655E+02 5.819278E+01 4.983019E+01 4.913179E+01 4.908456E+01 4.908451E+01 4.908450E+01 4.908449E+01 4.908448E+01 
6.656947E+03 6.656947E+03 6.656947E+03 6.656947E+03 5.480259E+03 5.896459E+02 2.090467E+02 7.732425E+01 6.045158E+01 5.055423E+01 4.911522E+01 4.908462E+01 4.908450E+01 4.908449E+01 4.908449E+01 4.908448E+01 
9.214042E+03 7.781742E+03 6.754974E+03 6.036891E+03 3.332742E+03 1.532436E+03 3.307548E+02 1.139391E+02 5.928235E+01 5.075215E+01 4.911201E+01 4.908452E+01 4.908449E+01 4.908448E+01 4.908448E+01 4.908448E+01 
4.732437E+03 3.675672E+03 3.675672E+03 2.515467E+03 2.515467E+03 9.566774E+02 2.207589E+02 7.088750E+01 6.049874E+01 5.012830E+01 4.914550E+01 4.908452E+01 4.908449E+01 4.908449E+01 4.908449E+01 4.908448E+01 
5.563624E+03 5.563624E+03 5.344239E+03 5.344239E+03 4.367500E+03 1.191680E+03 2.148479E+02 6.774036E+01 6.327724E+01 5.106382E+01 4.914263E+01 4.908461E+01 4.908451E+01 4.908448E+01 4.908448E+01 4.908448E+01 
3.226831E+03 3.226831E+03 3.226831E+03 1.629014E+03 1.303335E+03 6.713601E+02 2.477329E+02 9.705936E+01 6.405797E+01 4.967808E+01 4.908775E+01 4.908471E+01 4.908463E+01 4.908451E+01 4.908448E+01 4.908448E+01 
5.013760E+03 3.925359E+03 3.519237E+03 3.383555E+03 2.507964E+03 6.797274E+02 1.332816E+02 7.589230E+01 5.944454E+01 4.982631E+01 4.910994E+01 4.908465E+01 4.908455E+01 4.908451E+01 4.908448E+01 4.908448E+01 
2.607013E+03 2.221687E+03 2.129653E+03 1.915330E+03 1.660387E+03 6.753723E+02 2.960767E+02 9.736401E+01 5.554566E+01 5.009443E+01 4.910419E+01 4.908450E+01 4.908448E+01 4.908448E+01 4.908448E+01 4.908448E+01 
4.237885E+03 4.237885E+03 4.237885E+03 3.991652E+03 3.752273E+03 1.663846E+03 1.559975E+02 1.219623E+02 8.906324E+01 7.549435E+01 7.399112E+01 4.909586E+01 4.908452E+01 4.908450E+01 4.908449E+01 4.908448E+01 
5.591736E+03 4.292138E+03 4.292138E+03 4.292138E+03 4.292138E+03 1.594834E+03 2.163669E+02 1.096260E+02 6.485763E+01 5.004101E+01 4.913410E+01 4.908461E+01 4.908452E+01 4.908449E+01 4.908448E+01 4.908448E+01 
6.488770E+03 6.373871E+03 5.299124E+03 4.652851E+03 4.592232E+03 1.154125E+03 3.351771E+02 1.722516E+02 8.662522E+01 7.238212E+01 7.071663E+01 1.240844E+00 1.420666E-02 2.474435E-07 1.761620E-07 1.322785E-07 
