6.535399E+02 6.535399E+02 3.376531E+02 2.938594E+02 2.372293E+02 1.642357E+02 1.507635E+02 2.278709E+01 6.238677E-01 2.236395E-01 1.189084E-01 4.695437E-02 4.695437E-02 3.317664E-02 3.317664E-02 2.461963E-02 
1.804213E+03 9.308113E+02 2.657447E+02 2.327351E+02 1.787925E+02 1.587743E+02 1.015005E+02 1.585881E+01 4.943607E-01 2.451272E-01 1.056259E-01 3.989703E-02 3.989703E-02 3.109756E-02 3.042820E-02 3.042820E-02 
1.079178E+03 1.022699E+03 5.042631E+02 2.970058E+02 1.995424E+02 1.648009E+02 1.540214E+02 1.507827E+02 1.504309E+02 1.504277E+02 8.470380E+00 1.809308E-01 4.821536E-02 4.077431E-02 3.767063E-02 3.030249E-02 
8.073099E+02 6.444848E+02 2.843180E+02 2.277669E+02 1.843730E+02 1.563442E+02 1.335128E+02 1.978779E+01 4.835440E-01 2.590955E-01 1.306484E-01 4.972848E-02 4.972848E-02 3.301522E-02 3.245212E-02 3.037162E-02 
1.601269E+03 1.601269E+03 8.326109E+02 5.151176E+02 1.966888E+02 1.712722E+02 1.388837E+02 2.676374E+01 6.769284E-01 2.267410E-01 1.063196E-01 4.262460E-02 4.262460E-02 3.185036E-02 3.185036E-02 2.732630E-02 
1.601112E+03 6.446983E+02 5.933940E+02 3.855720E+02 2.244186E+02 1.649232E+02 1.524953E+02 1.506630E+02 1.504824E+02 1.504741E+02 1.504737E+02 1.504737E+02 1.504737E+02 5.956023E+00 6.607799E-02 3.749983E-02 
1.954233E+03 1.294603E+03 9.533537E+02 4.141727E+02 2.029572E+02 1.728967E+02 1.518944E+02 3.666324E+01 6.498266E-01 2.049431E-01 1.227589E-01 4.301775E-02 4.301775E-02 3.207919E-02 2.769451E-02 2.769451E-02 
1.169612E+03 1.070881E+03 1.070881E+03 4.102329E+02 2.541973E+02 1.808388E+02 1.582298E+02 1.510412E+02 1.504662E+02 1.504642E+02 1.504642E+02 1.504642E+02 3.131187E-01 5.230546E-02 3.217056E-02 3.217056E-02 
1.783960E+03 1.611032E+03 1.575491E+03 9.574660E+02 7.660201E+02 6.190421E+02 4.785273E+02 4.069182E+02 4.001776E+02 4.000538E+02 1.728967E+02 2.071990E-01 3.140656E-02 2.360914E-02 2.360914E-02 2.360914E-02 
6.462404E+02 3.748192E+02 3.222586E+02 2.622235E+02 1.891283E+02 1.704859E+02 1.428489E+02 2.129302E+01 7.176937E-01 2.296903E-01 1.299851E-01 3.704560E-02 3.704560E-02 3.071949E-02 3.071949E-02 2.929514E-02 
2.331488E+03 1.601857E+03 9.433434E+02 6.074390E+02 2.312990E+02 1.592384E+02 1.450240E+02 2.014469E+01 5.832865E-01 2.659353E-01 1.090684E-01 4.117660E-02 4.117660E-02 3.366806E-02 3.366806E-02 2.416834E-02 
2.040637E+03 2.040637E+03 2.001560E+03 1.116613E+03 9.222603E+02 5.078644E+02 4.084854E+02 3.288781E+02 3.013177E+02 3.003798E+02 3.002116E+02 3.000486E+02 3.000407E+02 3.000315E+02 3.000286E+02 4.158571E-02 
1.890492E+03 1.843331E+03 1.164464E+03 6.248376E+02 2.544131E+02 1.610813E+02 1.529863E+02 3.560328E+01 4.685840E-01 2.135390E-01 1.039463E-01 3.385802E-02 3.385802E-02 3.218377E-02 3.083410E-02 2.338981E-02 
6.081109E+02 5.614916E+02 4.784505E+02 2.392021E+02 1.864757E+02 1.616071E+02 1.522005E+02 1.506887E+02 1.504699E+02 1.504675E+02 1.504675E+02 1.504675E+02 1.504675E+02 2.104582E+00 5.555853E-02 3.807397E-02 
1.273098E+03 1.273098E+03 5.350211E+02 5.054538E+02 2.207940E+02 1.634097E+02 1.526887E+02 1.571344E+01 3.485434E-01 2.246268E-01 1.124697E-01 3.674617E-02 3.674617E-02 3.398757E-02 2.370969E-02 2.370969E-02 
1.036556E+03 5.227883E+02 5.227883E+02 3.406975E+02 2.140275E+02 1.796804E+02 1.518170E+02 2.461986E+01 4.871482E-01 2.551072E-01 1.348777E-01 5.285554E-02 5.285554E-02 3.390582E-02 3.390582E-02 3.055381E-02 
2.391000E+03 2.019869E+03 6.289579E+02 3.459000E+02 1.935590E+02 1.642150E+02 1.403679E+02 1.033474E+01 4.991831E-01 2.742105E-01 1.141384E-01 3.937062E-02 3.937062E-02 2.986463E-02 2.986463E-02 2.986463E-02 
1.073129E+03 1.073129E+03 4.998728E+02 2.188060E+02 1.982988E+02 1.565619E+02 1.539602E+02 1.507662E+02 1.504330E+02 1.504276E+02 1.504274E+02 1.504273E+02 1.504273E+02 1.504273E+02 5.848212E-02 1.928569E-02 
1.435726E+03 1.253490E+03 8.634130E+02 7.503837E+02 6.556320E+02 6.377765E+02 6.250033E+02 6.022951E+02 4.338893E+02 4.002566E+02 4.000272E+02 4.000272E+02 4.000272E+02 4.000272E+02 4.000272E+02 1.706330E-01 
1.426219E+03 1.263185E+03 8.087636E+02 3.606311E+02 2.387656E+02 1.728715E+02 1.539497E+02 1.507634E+02 1.504383E+02 1.504278E+02 1.504275E+02 1.504275E+02 3.771040E-01 4.844881E-02 4.003115E-02 3.433945E-02 
1.838473E+03 1.838473E+03 1.382900E+03 3.626714E+02 2.338332E+02 1.665264E+02 1.523950E+02 2.323564E+01 5.296664E-01 2.180077E-01 1.223634E-01 4.477170E-02 4.477170E-02 3.544915E-02 3.111612E-02 3.010396E-02 
1.101903E+03 1.012799E+03 1.012799E+03 7.058895E+02 2.682418E+02 1.701191E+02 1.539752E+02 1.512263E+02 1.511026E+02 1.510992E+02 1.510992E+02 1.510992E+02 1.510992E+02 1.510992E+02 3.221717E-01 3.891062E-02 
1.672168E+03 9.521378E+02 6.831000E+02 3.577422E+02 2.381974E+02 1.710111E+02 8.341823E+01 1.335129E+01 6.344972E-01 2.578620E-01 1.252210E-01 4.643726E-02 4.643726E-02 3.279851E-02 3.279851E-02 2.754616E-02 
1.312079E+03 5.385440E+02 5.385440E+02 3.127899E+02 2.074916E+02 1.634221E+02 1.466622E+02 1.698356E+01 5.698600E-01 2.774879E-01 8.612964E-02 3.974406E-02 3.974406E-02 3.643616E-02 2.944740E-02 2.944740E-02 
1.676845E+03 1.596979E+03 6.324776E+02 2.158795E+02 1.982842E+02 1.654441E+02 1.237408E+02 1.749502E+01 7.398773E-01 2.559764E-01 1.037483E-01 4.113247E-02 4.113247E-02 3.593809E-02 3.568215E-02 2.190596E-02 
2.092349E+03 1.807207E+03 5.642636E+02 4.207871E+02 2.030818E+02 1.708966E+02 1.543254E+02 3.172214E+01 7.485980E-01 2.764721E-01 1.087792E-01 3.557002E-02 3.557002E-02 3.369990E-02 3.206828E-02 3.154880E-02 
1.346012E+03 1.193145E+03 5.120080E+02 3.320464E+02 2.269161E+02 1.626976E+02 8.992094E+01 1.846711E+01 6.847320E-01 2.065189E-01 8.552398E-02 3.323813E-02 3.323813E-02 3.074382E-02 3.074382E-02 2.781179E-02 
2.601567E+03 2.601567E+03 1.090606E+03 6.906082E+02 1.934541E+02 1.678207E+02 1.420208E+02 1.467031E+01 4.956779E-01 3.139060E-01 1.241010E-01 4.315438E-02 4.315438E-02 3.341430E-02 2.617702E-02 2.617702E-02 
9.361577E+02 9.361577E+02 3.896086E+02 2.632370E+02 2.034150E+02 1.689332E+02 9.033760E+01 5.497626E+00 4.126808E-01 2.745864E-01 9.659758E-02 3.745909E-02 3.745909E-02 3.155847E-02 3.155847E-02 2.588651E-02 
1.249035E+03 8.631549E+02 4.738303E+02 3.384938E+02 1.887784E+02 1.722222E+02 1.467942E+02 1.299303E+01 4.665592E-01 2.407031E-01 1.078290E-01 3.085542E-02 3.085542E-02 2.639466E-02 2.639466E-02 2.639466E-02 
