1.054314E+03 1.054314E+03 1.029631E+03 7.475665E+02 2.951216E+02 2.757093E+02 2.630904E+02 2.610864E+02 2.609110E+02 2.609099E+02 2.609069E+02 2.609051E+02 2.609039E+02 2.608999E+02 2.608999E+02 2.608999E+02 
8.524967E+02 8.524967E+02 6.297873E+02 4.258732E+02 2.995045E+02 2.686368E+02 2.584887E+02 2.516759E+02 2.515650E+02 2.484283E+02 2.483491E+02 2.483435E+02 2.483425E+02 2.483411E+02 2.483398E+02 2.483398E+02 
1.286838E+03 1.187143E+03 1.094092E+03 4.387333E+02 3.497310E+02 2.800997E+02 2.516775E+02 2.490597E+02 2.489834E+02 2.486466E+02 2.486230E+02 2.440192E+02 2.440190E+02 2.440188E+02 2.440185E+02 2.440185E+02 
1.045474E+03 1.035514E+03 8.407221E+02 4.917190E+02 3.135730E+02 2.645423E+02 2.527807E+02 2.487192E+02 2.484392E+02 2.484341E+02 2.484271E+02 2.386257E+02 2.386239E+02 2.386239E+02 2.386237E+02 2.386236E+02 
1.068865E+03 1.068865E+03 1.036542E+03 5.145348E+02 4.006267E+02 2.826093E+02 2.648072E+02 2.622934E+02 2.615633E+02 2.615186E+02 2.615111E+02 2.615056E+02 2.615010E+02 2.433483E+02 2.433475E+02 2.355825E+02 
1.478355E+03 1.478355E+03 1.144158E+03 4.977784E+02 3.376926E+02 2.798825E+02 2.603694E+02 2.543888E+02 2.542811E+02 2.542795E+02 2.542770E+02 2.542770E+02 2.542766E+02 2.542759E+02 2.542753E+02 2.542749E+02 
1.083705E+03 1.031266E+03 9.348655E+02 5.756824E+02 4.167679E+02 3.674352E+02 3.280003E+02 3.169534E+02 3.158264E+02 3.136049E+02 3.135263E+02 3.135220E+02 3.135200E+02 2.636648E+02 2.405767E+02 2.405750E+02 
1.145267E+03 1.142569E+03 9.630602E+02 4.969636E+02 3.097704E+02 2.721921E+02 2.400957E+02 2.379088E+02 2.378817E+02 2.363473E+02 2.363434E+02 2.363434E+02 2.363431E+02 2.363431E+02 2.363429E+02 2.356351E+02 
8.832360E+02 8.290887E+02 7.852134E+02 5.356183E+02 3.192918E+02 2.707946E+02 2.544836E+02 2.533348E+02 2.533229E+02 2.532911E+02 2.518902E+02 2.516545E+02 2.516543E+02 2.516541E+02 2.516541E+02 2.516540E+02 
1.596656E+03 1.589534E+03 7.337631E+02 4.399074E+02 3.050105E+02 2.678092E+02 2.483638E+02 2.444239E+02 2.443705E+02 2.443705E+02 2.443698E+02 2.443691E+02 2.443691E+02 2.443691E+02 2.443689E+02 2.443680E+02 
1.184558E+03 7.908528E+02 7.908528E+02 4.366854E+02 3.291689E+02 2.688475E+02 2.444333E+02 2.409235E+02 2.408704E+02 2.408704E+02 2.408701E+02 2.408701E+02 2.408701E+02 2.408701E+02 2.394929E+02 2.394913E+02 
1.858712E+03 1.683777E+03 1.206671E+03 5.569237E+02 3.091333E+02 2.655685E+02 2.517915E+02 2.432350E+02 2.432116E+02 2.432112E+02 2.432112E+02 2.432110E+02 2.432110E+02 2.432110E+02 2.432109E+02 2.432108E+02 
1.735958E+03 1.449636E+03 1.357183E+03 5.068321E+02 3.802433E+02 3.504187E+02 3.249273E+02 3.211051E+02 3.097840E+02 3.097609E+02 3.097482E+02 2.644633E+02 2.639552E+02 2.639546E+02 2.639540E+02 2.548896E+02 
1.490092E+03 1.325373E+03 5.736931E+02 4.573592E+02 3.501533E+02 2.968590E+02 2.894548E+02 2.861005E+02 2.859847E+02 2.859768E+02 2.859729E+02 2.763835E+02 2.432740E+02 2.432735E+02 2.432732E+02 2.432730E+02 
1.061478E+03 1.023509E+03 8.305953E+02 4.554903E+02 3.177657E+02 2.767764E+02 2.518106E+02 2.447547E+02 2.444365E+02 2.444240E+02 2.444240E+02 2.444166E+02 2.444151E+02 2.444128E+02 2.444104E+02 2.444104E+02 
1.202766E+03 1.123095E+03 1.123095E+03 4.617540E+02 3.283907E+02 3.058988E+02 2.729217E+02 2.586069E+02 2.579299E+02 2.579043E+02 2.578923E+02 2.578923E+02 2.578911E+02 2.381304E+02 2.381297E+02 2.381297E+02 
1.842699E+03 1.576605E+03 7.739161E+02 4.885969E+02 3.093014E+02 2.674505E+02 2.498538E+02 2.479979E+02 2.479775E+02 2.479773E+02 2.479771E+02 2.479770E+02 2.479770E+02 2.479770E+02 2.479770E+02 2.479770E+02 
9.597609E+02 8.375147E+02 5.870219E+02 4.289708E+02 3.146035E+02 2.648775E+02 2.423960E+02 2.417634E+02 2.417229E+02 2.417223E+02 2.417221E+02 2.398698E+02 2.398669E+02 2.398663E+02 2.398662E+02 2.398660E+02 
1.409232E+03 1.409232E+03 1.077861E+03 6.731140E+02 3.947697E+02 2.746235E+02 2.488078E+02 2.443134E+02 2.442124E+02 2.442105E+02 2.442105E+02 2.442105E+02 2.442105E+02 2.442105E+02 2.442105E+02 2.442102E+02 
1.261034E+03 1.017814E+03 8.940893E+02 4.711499E+02 3.544302E+02 2.710403E+02 2.549678E+02 2.490138E+02 2.488980E+02 2.488786E+02 2.488658E+02 2.488599E+02 2.488557E+02 2.488532E+02 2.488531E+02 2.488473E+02 
1.319069E+03 1.319069E+03 7.953993E+02 4.980741E+02 3.500118E+02 2.846701E+02 2.594173E+02 2.485127E+02 2.482172E+02 2.482109E+02 2.482079E+02 2.482053E+02 2.482053E+02 2.482043E+02 2.482028E+02 2.482028E+02 
1.257093E+03 1.099335E+03 7.309758E+02 6.775685E+02 2.885181E+02 2.703444E+02 2.514367E+02 2.494651E+02 2.494060E+02 2.494026E+02 2.494024E+02 2.494019E+02 2.494013E+02 2.494013E+02 2.494004E+02 2.493998E+02 
1.849985E+03 1.237009E+03 7.104212E+02 4.150910E+02 3.211981E+02 2.908721E+02 2.627455E+02 2.465400E+02 2.458301E+02 2.458086E+02 2.457945E+02 2.457901E+02 2.375005E+02 2.374981E+02 2.374981E+02 2.374978E+02 
1.190388E+03 1.190388E+03 1.045791E+03 4.168511E+02 2.893877E+02 2.713628E+02 2.430379E+02 2.390699E+02 2.386427E+02 2.386419E+02 2.386419E+02 2.386419E+02 2.386419E+02 2.386415E+02 2.386414E+02 2.386414E+02 
1.391111E+03 1.238472E+03 7.183082E+02 5.022275E+02 3.753004E+02 2.943875E+02 2.476618E+02 2.421202E+02 2.414969E+02 2.414943E+02 2.414942E+02 2.414942E+02 2.414942E+02 2.414939E+02 2.414939E+02 2.414937E+02 
1.927084E+03 1.703805E+03 1.223427E+03 7.929291E+02 3.946336E+02 2.923275E+02 2.678804E+02 2.627474E+02 2.623196E+02 2.623067E+02 2.623065E+02 2.623048E+02 2.623025E+02 2.623025E+02 2.623015E+02 2.623015E+02 
1.220935E+03 1.088803E+03 9.547109E+02 6.641893E+02 3.828179E+02 2.930223E+02 2.602806E+02 2.553420E+02 2.552516E+02 2.552492E+02 2.477383E+02 2.477165E+02 2.477154E+02 2.477144E+02 2.411964E+02 2.386115E+02 
1.363310E+03 1.277802E+03 1.033154E+03 5.497003E+02 2.943975E+02 2.570156E+02 2.509819E+02 2.467696E+02 2.466595E+02 2.466590E+02 2.466590E+02 2.466588E+02 2.466581E+02 2.466580E+02 2.466573E+02 2.452814E+02 
1.206848E+03 1.206848E+03 1.083773E+03 4.747836E+02 3.477537E+02 2.703514E+02 2.550268E+02 2.449034E+02 2.435665E+02 2.435537E+02 2.435476E+02 2.435441E+02 2.435435E+02 2.435428E+02 2.435428E+02 2.435426E+02 
1.374820E+03 1.374820E+03 8.769314E+02 5.347658E+02 3.384503E+02 3.115126E+02 2.918147E+02 2.874739E+02 2.874001E+02 2.593810E+02 2.593756E+02 2.593753E+02 2.593749E+02 2.593749E+02 2.593748E+02 2.557667E+02 
