8.362627E+01 8.362627E+01 8.362627E+01 8.097648E+01 7.574524E+01 5.343779E+01 1.988477E+01 1.702162E+01 9.669062E+00 4.463184E+00 3.070174E+00 4.407889E-01 9.848304E-02 8.978322E-02 8.978322E-02 6.069389E-02 
8.414273E+01 7.871071E+01 7.328805E+01 6.816551E+01 5.547509E+01 3.571336E+01 3.571336E+01 1.679155E+01 5.397272E+00 5.382996E+00 2.874559E+00 7.126534E-01 8.865123E-02 7.547294E-02 6.989021E-02 6.964346E-02 
7.951690E+01 7.951690E+01 7.951690E+01 5.899988E+01 5.899988E+01 4.562439E+01 3.183911E+01 2.148405E+01 1.338848E+01 6.168416E+00 2.452121E+00 3.741182E-01 8.420653E-02 4.435301E-02 4.369045E-02 4.352234E-02 
8.822093E+01 7.277622E+01 7.277622E+01 7.277622E+01 7.142170E+01 6.262600E+01 4.454270E+01 1.996192E+01 6.694930E+00 3.453755E+00 1.792296E+00 4.059908E-01 1.105915E-01 1.085864E-01 1.085707E-01 1.085680E-01 
9.579794E+01 7.920184E+01 7.920184E+01 7.849759E+01 7.500320E+01 6.162339E+01 4.054870E+01 1.497933E+01 9.960594E+00 6.750402E+00 2.654245E+00 5.990970E-01 3.618529E-02 2.958497E-02 2.908121E-02 2.904577E-02 
9.142841E+01 9.142841E+01 9.142841E+01 7.748760E+01 6.185689E+01 5.498152E+01 3.603896E+01 1.763832E+01 9.156145E+00 2.937343E+00 2.398747E+00 3.930133E-01 4.218562E-02 3.550188E-02 3.540487E-02 1.551987E-02 
7.968592E+01 7.968592E+01 6.713712E+01 6.592802E+01 5.076410E+01 4.334132E+01 2.874458E+01 1.581134E+01 8.758868E+00 3.836105E+00 2.543278E+00 4.292099E-01 3.692288E-02 3.546094E-02 3.241376E-02 3.224217E-02 
1.030443E+02 8.616419E+01 8.616419E+01 8.070653E+01 8.070653E+01 5.091333E+01 2.869244E+01 1.747551E+01 9.386306E+00 4.825015E+00 2.471117E+00 5.063148E-01 6.102989E-02 4.583258E-02 4.578957E-02 4.576385E-02 
5.771777E+01 5.771777E+01 5.740143E+01 4.545389E+01 4.545389E+01 4.015291E+01 3.149978E+01 1.733874E+01 1.183218E+01 4.215832E+00 3.272361E+00 8.547635E-01 3.742241E-01 3.553583E-01 3.532448E-01 3.515464E-01 
9.392926E+01 6.125413E+01 6.090546E+01 6.090546E+01 5.715925E+01 1.629936E+01 1.629936E+01 1.487825E+01 1.122694E+01 6.388216E+00 1.548913E+00 5.911427E-01 1.460369E-01 1.206495E-01 1.172731E-01 1.101084E-01 
7.644298E+01 6.758552E+01 5.319880E+01 5.319880E+01 5.319880E+01 5.318137E+01 2.744718E+01 1.167043E+01 1.167043E+01 3.131065E+00 2.270437E+00 5.167262E-01 6.276821E-02 5.881024E-02 5.874154E-02 5.874154E-02 
7.365533E+01 7.365533E+01 6.506302E+01 6.506302E+01 6.310516E+01 4.934537E+01 3.265718E+01 2.268416E+01 8.541668E+00 6.960020E+00 2.309325E+00 3.702402E-01 4.632982E-02 4.204734E-02 4.157482E-02 4.147076E-02 
8.379187E+01 8.379187E+01 8.215194E+01 6.827386E+01 5.065295E+01 4.726287E+01 2.968823E+01 1.841929E+01 6.879470E+00 6.295267E+00 2.570354E+00 5.654010E-01 4.779738E-02 3.002211E-02 2.850389E-02 2.837612E-02 
9.621608E+01 9.397677E+01 7.684589E+01 7.684589E+01 5.709422E+01 5.021949E+01 2.983985E+01 1.756128E+01 7.003460E+00 5.698694E+00 2.254889E+00 4.656641E-01 5.025935E-02 3.793478E-02 3.785071E-02 2.394600E-02 
7.174521E+01 7.174521E+01 7.174521E+01 7.174521E+01 6.962456E+01 3.618326E+01 3.351500E+01 1.890485E+01 9.083484E+00 8.067555E+00 3.644830E+00 9.502642E-01 3.405649E-01 3.149257E-01 3.130399E-01 3.129213E-01 
8.545897E+01 8.545897E+01 8.423883E+01 8.423883E+01 6.501868E+01 5.489008E+01 3.145330E+01 1.162620E+01 5.464614E+00 5.464614E+00 2.010959E+00 3.472157E-01 4.084608E-02 3.564161E-02 3.542510E-02 3.534911E-02 
7.457505E+01 7.457505E+01 7.457505E+01 7.457505E+01 6.355872E+01 4.097202E+01 2.925037E+01 1.099059E+01 8.541087E+00 4.756754E+00 2.739501E+00 3.817890E-01 9.779696E-02 9.322823E-02 7.684956E-02 7.667881E-02 
7.321857E+01 7.321857E+01 7.321857E+01 7.321857E+01 7.321857E+01 5.490761E+01 2.783260E+01 1.783961E+01 1.120111E+01 6.643353E+00 2.570876E+00 4.297627E-01 5.781272E-02 5.406322E-02 5.384512E-02 5.325806E-02 
7.763883E+01 7.578584E+01 7.578584E+01 4.264273E+01 4.264273E+01 4.234367E+01 2.173475E+01 1.890040E+01 9.798982E+00 5.670472E+00 2.335536E+00 4.967187E-01 8.782007E-02 8.060050E-02 8.033011E-02 7.981898E-02 
1.026623E+02 8.046482E+01 8.046482E+01 8.046482E+01 7.867742E+01 6.155502E+01 3.533682E+01 1.753434E+01 1.153877E+01 6.287955E+00 2.506073E+00 3.881302E-01 1.664448E-01 1.150734E-01 1.148545E-01 1.148044E-01 
6.672449E+01 6.672449E+01 6.672449E+01 6.672449E+01 6.672449E+01 4.869430E+01 4.077743E+01 1.406044E+01 9.736363E+00 7.412042E+00 1.430315E+00 5.278984E-01 8.808729E-02 6.015634E-02 5.964092E-02 5.936789E-02 
8.377433E+01 7.955186E+01 7.955186E+01 7.955186E+01 5.348740E+01 4.043808E+01 3.001162E+01 1.648502E+01 1.349958E+01 5.656866E+00 2.538581E+00 2.728597E-01 6.740497E-02 3.647937E-02 3.587712E-02 3.582864E-02 
8.868265E+01 8.868265E+01 8.656183E+01 7.980066E+01 6.647630E+01 5.954546E+01 4.075904E+01 2.088349E+01 9.913207E+00 5.006349E+00 1.280806E+00 3.691259E-01 1.087988E-01 1.063881E-01 1.063881E-01 1.063859E-01 
7.059819E+01 7.059819E+01 7.059819E+01 7.059819E+01 6.025706E+01 5.936435E+01 3.262435E+01 1.434233E+01 1.034215E+01 4.096225E+00 2.142019E+00 3.721307E-01 8.378071E-02 5.435372E-02 5.049257E-02 5.017655E-02 
8.543900E+01 8.543900E+01 8.452254E+01 8.192931E+01 7.557271E+01 5.042097E+01 2.788831E+01 2.133417E+01 1.172800E+01 5.304543E+00 2.532348E+00 3.897471E-01 7.055471E-02 4.067112E-02 4.067112E-02 4.024143E-02 
9.075856E+01 9.075856E+01 9.075856E+01 7.676833E+01 7.633339E+01 3.924976E+01 2.984579E+01 1.268006E+01 8.404631E+00 6.638119E+00 1.206100E+00 3.435384E-01 4.205148E-02 3.896364E-02 3.883557E-02 2.476094E-02 
7.357062E+01 7.357062E+01 6.158576E+01 5.456758E+01 5.079398E+01 5.079398E+01 2.968485E+01 2.356324E+01 1.348237E+01 8.054480E+00 2.637661E+00 1.623561E-01 7.104471E-02 5.540819E-02 4.120128E-02 4.120128E-02 
1.050419E+02 9.163401E+01 9.155764E+01 8.616603E+01 7.516728E+01 4.546112E+01 2.149458E+01 1.100023E+01 1.100023E+01 4.115656E+00 3.772980E+00 7.220976E-01 1.835029E-01 1.449118E-01 1.196959E-01 1.179502E-01 
8.583714E+01 8.583714E+01 8.036778E+01 8.036778E+01 6.643074E+01 3.762108E+01 3.762108E+01 2.890708E+01 1.699974E+01 5.095304E+00 1.842512E+00 6.773369E-01 4.256905E-02 3.873569E-02 2.152738E-02 2.053900E-02 
6.365466E+01 6.365466E+01 6.365466E+01 6.365466E+01 5.455529E+01 5.455529E+01 3.358917E+01 1.741044E+01 1.135549E+01 5.029452E+00 2.230073E+00 5.587345E-01 1.145136E-01 7.836272E-02 6.312807E-02 6.268558E-02 
