1.119789E+02 1.119789E+02 1.119789E+02 1.119789E+02 9.962773E+01 8.623693E+01 4.705079E+01 1.741733E+01 7.717253E+00 2.551420E+00 4.703309E-01 3.337698E-01 3.247886E-01 3.237835E-01 3.212259E-01 3.206161E-01 
1.069131E+02 1.069131E+02 1.069131E+02 1.023473E+02 8.885365E+01 7.473517E+01 4.027621E+01 2.316050E+01 1.070036E+01 4.411394E+00 9.414480E-01 7.160557E-01 7.153380E-01 7.143370E-01 7.118234E-01 7.103052E-01 
1.169038E+02 1.120297E+02 1.017145E+02 1.017145E+02 9.387388E+01 7.593968E+01 4.692706E+01 2.401865E+01 7.697348E+00 2.477361E+00 1.578055E-01 1.153250E-01 1.081508E-01 1.073834E-01 1.072462E-01 1.071867E-01 
1.171531E+02 1.034231E+02 1.034231E+02 9.975927E+01 9.215430E+01 7.147488E+01 3.832725E+01 1.450991E+01 7.664150E+00 2.790307E+00 2.873761E-01 2.061405E-01 2.046362E-01 2.040741E-01 2.039499E-01 2.039357E-01 
1.227595E+02 9.165091E+01 9.165091E+01 9.165091E+01 9.165091E+01 8.252154E+01 2.510871E+01 1.453849E+01 9.360404E+00 2.222129E+00 3.521902E-01 1.818704E-01 1.794059E-01 1.790834E-01 1.787288E-01 1.784740E-01 
1.187786E+02 1.187786E+02 1.187786E+02 1.027302E+02 9.782433E+01 7.851495E+01 4.395726E+01 1.691821E+01 9.802462E+00 2.548420E+00 2.991106E-01 2.268315E-01 2.235110E-01 2.215543E-01 2.204220E-01 2.185788E-01 
1.167440E+02 1.167440E+02 1.167440E+02 1.138302E+02 1.009658E+02 7.907829E+01 4.753427E+01 1.512655E+01 9.753305E+00 3.069173E+00 3.788514E-01 2.101246E-01 2.097229E-01 2.096826E-01 2.012228E-01 2.008883E-01 
1.054926E+02 1.054926E+02 9.361581E+01 9.361581E+01 9.361581E+01 7.407110E+01 2.823612E+01 1.965127E+01 8.072671E+00 2.903642E+00 3.688411E-01 2.821754E-01 2.785597E-01 2.784964E-01 2.784622E-01 2.784214E-01 
1.469775E+02 1.390863E+02 1.285843E+02 1.157415E+02 1.058547E+02 9.093993E+01 4.266730E+01 2.117226E+01 1.163089E+01 4.158969E+00 7.051614E-01 4.923646E-01 4.915517E-01 4.906282E-01 4.815570E-01 4.812602E-01 
1.212494E+02 1.212494E+02 1.041832E+02 1.041832E+02 9.967454E+01 5.516149E+01 3.149409E+01 1.130543E+01 9.916813E+00 2.167807E+00 2.371276E-01 1.890712E-01 1.865239E-01 1.860542E-01 1.853914E-01 1.849848E-01 
1.102740E+02 1.102740E+02 9.980979E+01 9.980979E+01 9.980979E+01 6.198433E+01 3.370132E+01 1.674210E+01 9.929621E+00 2.536825E+00 2.823956E-01 1.502052E-01 1.499847E-01 1.366415E-01 1.365067E-01 1.364612E-01 
1.119470E+02 1.119470E+02 1.119470E+02 9.976294E+01 8.063283E+01 7.203601E+01 2.987513E+01 1.488489E+01 1.019731E+01 2.074980E+00 2.852824E-01 1.431453E-01 1.428309E-01 1.158091E-01 1.098784E-01 1.089085E-01 
1.231336E+02 1.188224E+02 1.188224E+02 1.154059E+02 9.905479E+01 5.590711E+01 4.062933E+01 1.946605E+01 1.015356E+01 2.336668E+00 3.999943E-01 2.955567E-01 2.942278E-01 2.887333E-01 2.884954E-01 2.884954E-01 
1.072319E+02 1.072319E+02 1.072319E+02 9.882864E+01 8.477926E+01 7.519057E+01 2.935407E+01 1.769266E+01 9.710696E+00 2.166685E+00 3.211407E-01 2.477305E-01 2.466482E-01 2.461658E-01 2.459578E-01 2.458536E-01 
1.274724E+02 1.274724E+02 1.274724E+02 1.256162E+02 1.056321E+02 7.315087E+01 4.177260E+01 2.998274E+01 1.714733E+01 7.499596E+00 2.313571E+00 2.200181E+00 2.197257E+00 2.195994E+00 2.195268E+00 2.193397E+00 
1.152524E+02 1.058182E+02 9.146653E+01 9.146653E+01 9.146653E+01 8.072999E+01 4.436511E+01 1.783971E+01 7.055560E+00 2.825713E+00 5.438128E-01 1.736770E-01 1.731037E-01 1.730439E-01 1.729651E-01 1.729216E-01 
1.113241E+02 1.113241E+02 1.113241E+02 1.113241E+02 1.113241E+02 7.319158E+01 3.765308E+01 1.748093E+01 8.329383E+00 2.339219E+00 3.899416E-01 2.539264E-01 2.501733E-01 2.497941E-01 2.496862E-01 2.495059E-01 
1.199271E+02 1.132298E+02 1.132298E+02 1.005916E+02 9.816806E+01 7.284540E+01 4.042307E+01 2.079826E+01 6.941863E+00 2.024843E+00 2.874989E-01 2.228154E-01 2.179944E-01 2.159293E-01 2.149667E-01 2.130931E-01 
1.121941E+02 1.121941E+02 9.822424E+01 9.822424E+01 8.170659E+01 6.303291E+01 3.538515E+01 2.786887E+01 1.179290E+01 4.100456E+00 6.695165E-01 5.203514E-01 5.198627E-01 5.197854E-01 5.196272E-01 5.195267E-01 
1.197975E+02 1.197975E+02 1.181831E+02 1.058113E+02 8.012324E+01 5.292010E+01 4.437945E+01 1.543475E+01 9.117381E+00 2.568174E+00 2.646179E-01 1.887893E-01 1.886068E-01 1.885337E-01 1.884707E-01 1.884283E-01 
1.287297E+02 1.270398E+02 1.232841E+02 1.056884E+02 1.056884E+02 8.785569E+01 4.977393E+01 2.265811E+01 6.297168E+00 3.129214E+00 3.104203E-01 2.475589E-01 2.390170E-01 2.380816E-01 2.380110E-01 2.340350E-01 
1.346993E+02 1.287526E+02 1.283231E+02 9.773643E+01 8.535169E+01 6.352471E+01 3.476586E+01 2.279308E+01 7.572310E+00 3.255487E+00 4.809706E-01 3.153842E-01 3.148158E-01 3.147193E-01 3.145475E-01 3.142315E-01 
9.860670E+01 9.590682E+01 9.590682E+01 9.590682E+01 9.590682E+01 6.211379E+01 2.910108E+01 1.295788E+01 9.972047E+00 2.624656E+00 5.499525E-01 4.020692E-01 3.954848E-01 3.926236E-01 3.922410E-01 3.921339E-01 
1.012085E+02 1.012085E+02 9.985804E+01 9.985804E+01 9.985804E+01 7.286737E+01 5.192251E+01 1.795837E+01 8.852176E+00 3.638489E+00 6.778225E-01 5.355411E-01 5.329419E-01 5.317251E-01 5.306574E-01 5.295767E-01 
1.165602E+02 1.165602E+02 1.102515E+02 9.477101E+01 9.020173E+01 6.314791E+01 3.151500E+01 1.871969E+01 6.634929E+00 2.756526E+00 2.640495E-01 1.809836E-01 1.798492E-01 1.796491E-01 1.795173E-01 1.793182E-01 
1.303407E+02 9.305692E+01 8.466109E+01 8.466109E+01 7.503596E+01 4.507054E+01 2.809348E+01 1.891115E+01 7.432597E+00 3.117878E+00 3.527016E-01 2.436442E-01 2.415287E-01 2.405415E-01 2.394653E-01 2.377112E-01 
8.872699E+01 8.872699E+01 7.408381E+01 7.408381E+01 7.408381E+01 5.481017E+01 3.612624E+01 2.180004E+01 8.564887E+00 2.591412E+00 3.794955E-01 2.386268E-01 2.369927E-01 2.366020E-01 2.362556E-01 2.359942E-01 
1.227762E+02 1.218399E+02 1.218399E+02 1.051844E+02 9.263822E+01 7.126643E+01 4.675127E+01 2.039918E+01 8.845171E+00 3.206142E+00 9.672492E-01 7.887318E-01 7.855975E-01 7.800664E-01 5.921569E-01 5.903423E-01 
1.199074E+02 1.199074E+02 9.902645E+01 9.902645E+01 9.902645E+01 7.956539E+01 4.314253E+01 1.511469E+01 8.606311E+00 2.445760E+00 2.405023E-01 1.066632E-01 1.056349E-01 1.054850E-01 9.152504E-02 9.096532E-02 
9.954207E+01 9.954207E+01 9.954207E+01 9.954207E+01 9.502014E+01 6.297528E+01 2.804391E+01 1.909941E+01 9.750539E+00 2.628577E+00 1.945661E-01 1.371402E-01 1.356396E-01 1.356084E-01 1.350531E-01 1.345522E-01 
