2.726545E+03 8.875889E+02 5.621916E+02 5.621916E+02 2.455280E+02 1.349244E+02 9.373355E+01 7.428087E+01 6.788849E+01 5.289840E+00 4.921341E+00 4.266261E+00 4.020717E+00 3.986580E+00 3.986579E+00 3.986579E+00 
1.671395E+03 1.105088E+03 1.105088E+03 4.154025E+02 1.281609E+02 3.884691E+01 1.364711E+01 9.015637E+00 7.166434E+00 6.855278E+00 5.397085E+00 4.563917E+00 4.208848E+00 3.989926E+00 3.986580E+00 3.986580E+00 
1.914865E+03 1.519610E+03 8.766513E+02 8.766513E+02 2.662931E+02 1.594946E+02 1.295942E+01 8.595659E+00 7.731867E+00 7.455460E+00 6.091042E+00 4.799413E+00 4.085842E+00 3.989911E+00 3.986579E+00 3.986579E+00 
8.756296E+02 6.117689E+02 3.971538E+02 2.466372E+02 2.043387E+02 7.139936E+01 1.253623E+01 8.337461E+00 7.688914E+00 7.312602E+00 5.773905E+00 4.494528E+00 4.062650E+00 3.986581E+00 3.986580E+00 3.986580E+00 
1.348687E+03 1.321846E+03 6.465083E+02 6.241990E+02 1.957532E+02 5.270995E+01 1.615133E+01 1.019968E+01 9.235069E+00 8.918683E+00 8.916109E+00 8.916102E+00 8.916102E+00 8.916102E+00 8.916102E+00 8.916102E+00 
3.681235E+02 3.681235E+02 3.681235E+02 3.681235E+02 2.155825E+02 1.125850E+02 3.419677E+01 1.443218E+01 2.282450E+00 5.677469E-01 4.091721E-01 2.153933E-02 3.660964E-04 8.758751E-06 7.738762E-06 7.039920E-06 
1.675503E+03 1.675503E+03 1.675503E+03 3.258655E+02 1.438559E+02 5.364572E+01 1.810967E+01 1.018825E+01 9.214828E+00 8.920530E+00 8.916110E+00 8.916102E+00 8.916102E+00 8.916102E+00 8.916102E+00 8.916102E+00 
2.095050E+03 1.613544E+03 1.613544E+03 6.598013E+02 2.157681E+02 3.017991E+01 1.324459E+01 1.123971E+01 9.088545E+00 8.919660E+00 8.916127E+00 8.916102E+00 8.916102E+00 8.916102E+00 8.916102E+00 8.916102E+00 
1.791163E+03 1.534386E+03 1.528184E+03 1.480936E+03 2.283000E+02 1.032325E+02 2.419229E+01 1.061034E+01 9.148870E+00 8.922435E+00 8.916163E+00 8.916102E+00 8.916102E+00 8.916102E+00 8.916102E+00 8.916102E+00 
2.879863E+03 2.879863E+03 1.193244E+03 5.212792E+02 2.837753E+02 1.518596E+02 9.998660E+01 9.273149E+01 9.074742E+01 9.018789E+01 8.381944E+01 1.003647E+01 8.916102E+00 8.916102E+00 8.916102E+00 8.916102E+00 
4.185882E+03 2.928884E+03 2.385780E+03 1.151004E+03 1.395684E+02 1.281332E+02 4.324597E+01 1.207270E+01 7.435377E-01 6.019226E-02 3.651573E-03 3.866873E-06 2.748464E-06 2.706606E-06 2.459343E-06 2.459343E-06 
3.768015E+02 3.768015E+02 3.768015E+02 3.355817E+02 3.355817E+02 6.779633E+01 3.559961E+01 1.114497E+01 9.135445E+00 8.924363E+00 8.916123E+00 8.916102E+00 8.916102E+00 8.916102E+00 8.916102E+00 8.916102E+00 
2.428404E+03 2.428404E+03 1.838162E+03 1.148137E+03 3.224517E+02 1.150443E+02 8.024293E+01 7.649931E+01 7.430221E+01 7.227791E+01 7.079008E+01 7.078109E+01 7.078108E+01 7.078108E+01 7.078108E+01 7.078108E+01 
1.260126E+03 1.166296E+03 1.055606E+03 6.797183E+02 1.601886E+02 6.748733E+01 2.433401E+01 1.241295E+01 9.193074E+00 8.923662E+00 8.916109E+00 8.916102E+00 8.916102E+00 8.916102E+00 8.916102E+00 8.916102E+00 
2.383646E+03 2.383646E+03 6.228477E+02 5.174442E+02 3.299254E+02 1.281685E+02 7.979001E+01 7.372505E+01 7.111533E+01 7.088594E+01 7.078581E+01 7.078111E+01 7.078108E+01 7.078108E+01 7.078108E+01 7.078108E+01 
2.406987E+03 2.406987E+03 9.342488E+02 9.342488E+02 1.793844E+02 1.469153E+02 3.554465E+01 1.300258E+01 3.174930E+00 5.855979E-01 4.754892E-01 4.695858E-02 1.391289E-03 9.076771E-07 8.052514E-07 7.428158E-07 
9.715674E+02 9.715674E+02 5.146665E+02 4.416575E+02 4.356059E+02 1.684098E+02 9.259207E+01 7.990198E+01 7.443377E+01 1.353083E+01 3.993306E+00 3.988729E+00 3.986579E+00 3.986579E+00 3.986579E+00 3.986579E+00 
1.793466E+03 1.793466E+03 1.255364E+03 7.042678E+02 3.629880E+02 8.677656E+01 5.508417E+01 1.221257E+01 9.107540E+00 8.920773E+00 8.916148E+00 8.916102E+00 8.916102E+00 8.916102E+00 8.916102E+00 8.916102E+00 
1.203708E+03 1.125971E+03 1.125971E+03 8.704452E+02 1.416623E+02 7.979618E+01 1.487400E+01 7.963468E+00 7.310405E+00 6.293695E+00 4.857075E+00 4.167239E+00 3.992919E+00 3.986579E+00 3.986579E+00 3.986579E+00 
1.381622E+03 1.330527E+03 9.851160E+02 5.453728E+02 4.534120E+02 1.158564E+02 4.157102E+01 9.898726E+00 9.262658E+00 8.920028E+00 8.916103E+00 8.916102E+00 8.916102E+00 8.916102E+00 8.916102E+00 8.916102E+00 
1.704070E+03 1.177871E+03 1.177871E+03 7.214243E+02 2.527659E+02 6.135674E+01 1.365910E+01 1.047231E+01 9.171806E+00 8.920570E+00 8.916137E+00 8.916102E+00 8.916102E+00 8.916102E+00 8.916102E+00 8.916102E+00 
1.062581E+03 1.062581E+03 1.062581E+03 7.809764E+02 3.525948E+02 1.191106E+02 7.190612E+01 1.169503E+01 9.067747E+00 8.922325E+00 8.916109E+00 8.916102E+00 8.916102E+00 8.916102E+00 8.916102E+00 8.916102E+00 
2.997389E+03 2.997389E+03 1.311714E+03 8.620184E+02 9.011289E+01 5.844529E+01 1.449933E+01 1.114014E+01 9.205422E+00 8.920449E+00 8.916107E+00 8.916102E+00 8.916102E+00 8.916102E+00 8.916102E+00 8.916102E+00 
2.225364E+03 1.993471E+03 1.950801E+03 1.291269E+03 4.671424E+02 1.132492E+02 2.110638E+01 1.034911E+01 9.182841E+00 8.920015E+00 8.916119E+00 8.916102E+00 8.916102E+00 8.916102E+00 8.916102E+00 8.916102E+00 
2.085360E+03 2.085360E+03 2.085360E+03 1.268718E+03 1.076561E+02 9.397493E+01 8.822027E+01 7.934480E+01 7.363074E+01 4.829371E+00 4.373015E+00 4.080170E+00 3.986621E+00 3.986579E+00 3.986579E+00 3.986579E+00 
1.925987E+03 1.582612E+03 1.094561E+03 6.643003E+02 4.082048E+02 1.125331E+02 2.098103E+01 1.044994E+01 9.094636E+00 8.924369E+00 8.916164E+00 8.916102E+00 8.916102E+00 8.916102E+00 8.916102E+00 8.916102E+00 
2.343848E+03 2.343157E+03 1.852729E+03 1.190189E+03 3.295443E+02 9.603958E+01 3.809539E+01 1.025342E+01 9.260573E+00 8.920703E+00 8.916143E+00 8.916102E+00 8.916102E+00 8.916102E+00 8.916102E+00 8.916102E+00 
2.063081E+03 2.063081E+03 2.063081E+03 9.869601E+02 1.364519E+02 1.038135E+02 2.919505E+01 3.630225E+00 6.030973E-01 3.696959E-01 2.860755E-01 3.695115E-02 1.919003E-07 1.622572E-07 1.283760E-07 1.095448E-07 
2.896910E+03 2.415479E+03 1.842098E+03 1.559203E+03 4.008629E+02 6.640464E+01 2.008033E+01 1.081100E+01 9.024064E+00 8.921628E+00 8.916103E+00 8.916102E+00 8.916102E+00 8.916102E+00 8.916102E+00 8.916102E+00 
2.351225E+03 1.999594E+03 5.618715E+02 4.644127E+02 2.415827E+02 1.332723E+02 4.652012E+01 9.961998E+00 9.015803E+00 8.920803E+00 8.916104E+00 8.916102E+00 8.916102E+00 8.916102E+00 8.916102E+00 8.916102E+00 
