7.477649E+02 7.477649E+02 6.240192E+02 5.337013E+02 4.128402E+02 3.297463E+02 3.013813E+02 2.460942E+02 2.400342E+02 2.307878E+02 2.293780E+02 2.292853E+02 2.292844E+02 2.292844E+02 2.292844E+02 2.292844E+02 
6.453117E+02 6.453117E+02 6.453117E+02 5.368606E+02 4.683158E+02 4.276690E+02 3.698359E+02 2.849017E+02 2.325910E+02 2.301874E+02 2.295087E+02 2.292850E+02 2.292844E+02 2.292844E+02 2.292844E+02 2.292844E+02 
6.823033E+02 6.823033E+02 5.786202E+02 5.373142E+02 4.216985E+02 3.220525E+02 3.135598E+02 2.543010E+02 2.354808E+02 2.309427E+02 2.294295E+02 2.292861E+02 2.292844E+02 2.292844E+02 2.292844E+02 2.292844E+02 
6.141924E+02 6.141924E+02 6.141924E+02 5.938034E+02 4.107796E+02 3.816499E+02 2.527870E+02 2.415804E+02 2.397066E+02 2.326233E+02 2.293488E+02 2.292848E+02 2.292844E+02 2.292844E+02 2.292844E+02 2.292844E+02 
7.652998E+02 5.850159E+02 5.850159E+02 5.850159E+02 5.037818E+02 4.272260E+02 3.305631E+02 2.733973E+02 2.443968E+02 2.316761E+02 2.294057E+02 2.292851E+02 2.292844E+02 2.292844E+02 2.292844E+02 2.292844E+02 
6.445925E+02 6.445925E+02 5.938898E+02 5.938898E+02 5.657926E+02 4.098947E+02 3.540393E+02 2.835567E+02 2.418133E+02 2.334403E+02 2.293405E+02 2.292849E+02 2.292844E+02 2.292844E+02 2.292844E+02 2.292844E+02 
6.634384E+02 6.634384E+02 6.634384E+02 6.104123E+02 4.335657E+02 3.887604E+02 2.943933E+02 2.561205E+02 2.351749E+02 2.300714E+02 2.295561E+02 2.292850E+02 2.292844E+02 2.292844E+02 2.292844E+02 2.292844E+02 
1.000513E+03 7.309452E+02 6.122597E+02 6.122597E+02 4.889470E+02 4.506852E+02 3.785795E+02 2.906891E+02 2.430414E+02 2.310581E+02 2.294766E+02 2.292877E+02 2.292844E+02 2.292844E+02 2.292844E+02 2.292844E+02 
5.246466E+02 5.246466E+02 5.023112E+02 5.018241E+02 4.535390E+02 3.933767E+02 3.325119E+02 2.575904E+02 2.332441E+02 2.315592E+02 2.294030E+02 2.292879E+02 2.292844E+02 2.292844E+02 2.292844E+02 2.292844E+02 
4.880752E+02 4.880752E+02 4.880752E+02 4.880752E+02 4.419267E+02 4.145680E+02 3.518816E+02 2.845977E+02 2.367737E+02 2.311947E+02 2.295428E+02 2.292858E+02 2.292844E+02 2.292844E+02 2.292844E+02 2.292844E+02 
5.360437E+02 5.360437E+02 5.360437E+02 4.852831E+02 4.022897E+02 3.910155E+02 3.127184E+02 2.560277E+02 2.375011E+02 2.307952E+02 2.293441E+02 2.292872E+02 2.292844E+02 2.292844E+02 2.292844E+02 2.292844E+02 
5.723063E+02 4.365543E+02 4.365543E+02 4.365543E+02 3.585115E+02 3.585115E+02 3.462073E+02 2.506673E+02 2.385268E+02 2.306812E+02 2.294724E+02 2.292856E+02 2.292844E+02 2.292844E+02 2.292844E+02 2.292844E+02 
4.565635E+02 4.560552E+02 4.528738E+02 3.967491E+02 3.967491E+02 3.967491E+02 3.611895E+02 2.925988E+02 2.410844E+02 2.305707E+02 2.294611E+02 2.292856E+02 2.292844E+02 2.292844E+02 2.292844E+02 2.292844E+02 
5.809196E+02 5.809196E+02 5.672468E+02 5.672468E+02 4.917969E+02 3.959238E+02 3.334493E+02 2.567646E+02 2.370981E+02 2.304227E+02 2.294462E+02 2.292859E+02 2.292844E+02 2.292844E+02 2.292844E+02 2.292844E+02 
5.520123E+02 5.520123E+02 5.127409E+02 4.630360E+02 4.630360E+02 4.212148E+02 2.970921E+02 2.429076E+02 2.356317E+02 2.313754E+02 2.293296E+02 2.292854E+02 2.292844E+02 2.292844E+02 2.292844E+02 2.292844E+02 
5.523582E+02 5.140985E+02 5.139391E+02 5.139391E+02 4.391947E+02 3.996747E+02 3.313107E+02 3.077752E+02 2.416513E+02 2.319555E+02 2.294212E+02 2.292857E+02 2.292844E+02 2.292844E+02 2.292844E+02 2.292844E+02 
5.653436E+02 5.408001E+02 4.819744E+02 4.819744E+02 4.819744E+02 3.798989E+02 3.316917E+02 2.571257E+02 2.367895E+02 2.305537E+02 2.293969E+02 2.292872E+02 2.292844E+02 2.292844E+02 2.292844E+02 2.292844E+02 
6.217846E+02 6.217846E+02 5.986432E+02 5.048467E+02 4.240352E+02 3.615735E+02 2.994363E+02 2.624565E+02 2.415761E+02 2.322722E+02 2.295376E+02 2.292858E+02 2.292844E+02 2.292844E+02 2.292844E+02 2.292844E+02 
6.798557E+02 6.050926E+02 4.410618E+02 4.410618E+02 3.882882E+02 3.882882E+02 3.449748E+02 2.969071E+02 2.365021E+02 2.309250E+02 2.294802E+02 2.292861E+02 2.292844E+02 2.292844E+02 2.292844E+02 2.292844E+02 
7.556948E+02 6.262249E+02 6.128488E+02 5.589460E+02 4.381415E+02 3.514008E+02 2.893174E+02 2.494118E+02 2.356589E+02 2.311044E+02 2.294242E+02 2.292859E+02 2.292844E+02 2.292844E+02 2.292844E+02 2.292844E+02 
5.184151E+02 5.184151E+02 5.078995E+02 5.078995E+02 4.923958E+02 3.819899E+02 3.121523E+02 2.493662E+02 2.354592E+02 2.305319E+02 2.294877E+02 2.292864E+02 2.292844E+02 2.292844E+02 2.292844E+02 2.292844E+02 
7.943794E+02 6.524206E+02 6.524206E+02 5.798475E+02 5.438869E+02 5.107224E+02 3.816815E+02 2.832333E+02 2.543568E+02 2.319401E+02 2.295449E+02 2.292878E+02 2.292844E+02 2.292844E+02 2.292844E+02 2.292844E+02 
5.162429E+02 5.162429E+02 5.162429E+02 4.379265E+02 3.738590E+02 3.329922E+02 3.141910E+02 2.477965E+02 2.473192E+02 2.311481E+02 2.293984E+02 2.292848E+02 2.292844E+02 2.292844E+02 2.292844E+02 2.292844E+02 
6.930033E+02 6.811577E+02 6.307515E+02 6.010514E+02 4.445685E+02 3.807537E+02 3.279299E+02 2.671726E+02 2.332555E+02 2.313626E+02 2.294902E+02 2.292854E+02 2.292844E+02 2.292844E+02 2.292844E+02 2.292844E+02 
5.074264E+02 4.513007E+02 4.513007E+02 4.513007E+02 4.513007E+02 3.986949E+02 3.269611E+02 2.710376E+02 2.400024E+02 2.312943E+02 2.293954E+02 2.292859E+02 2.292844E+02 2.292844E+02 2.292844E+02 2.292844E+02 
8.304102E+02 8.304102E+02 8.304102E+02 6.498727E+02 5.489497E+02 4.637267E+02 3.439867E+02 2.896543E+02 2.528276E+02 2.317076E+02 2.296330E+02 2.292858E+02 2.292844E+02 2.292844E+02 2.292844E+02 2.292844E+02 
4.458659E+02 4.458659E+02 4.458659E+02 4.458659E+02 4.458659E+02 4.458659E+02 3.251088E+02 2.601174E+02 2.448626E+02 2.316621E+02 2.294519E+02 2.292868E+02 2.292844E+02 2.292844E+02 2.292844E+02 2.292844E+02 
7.553519E+02 6.558933E+02 6.147347E+02 6.147347E+02 5.723703E+02 4.477100E+02 3.384524E+02 2.364511E+02 2.326458E+02 2.313656E+02 2.295177E+02 2.292900E+02 2.292844E+02 2.292844E+02 2.292844E+02 2.292844E+02 
7.612686E+02 7.612686E+02 6.685415E+02 4.229065E+02 3.385434E+02 2.924054E+02 2.648170E+02 2.483694E+02 2.334376E+02 2.310517E+02 2.294401E+02 2.292857E+02 2.292844E+02 2.292844E+02 2.292844E+02 2.292844E+02 
5.226615E+02 5.069173E+02 5.069173E+02 5.069173E+02 4.839972E+02 3.567067E+02 3.263421E+02 2.530295E+02 2.417244E+02 2.309089E+02 2.295809E+02 2.292860E+02 2.292844E+02 2.292844E+02 2.292844E+02 2.292844E+02 
