4.009921E+02 3.025922E+02 2.356290E+02 1.774100E+02 1.700833E+02 1.673917E+02 1.656721E+02 1.652245E+02 1.652126E+02 1.652126E+02 1.652126E+02 1.652126E+02 1.652126E+02 1.639245E+02 1.614353E+02 1.614353E+02 
3.479814E+02 2.727991E+02 2.212233E+02 1.846441E+02 1.709064E+02 1.670199E+02 1.652772E+02 1.632981E+02 1.631927E+02 1.631894E+02 1.631894E+02 1.614103E+02 1.614049E+02 1.614049E+02 1.614049E+02 1.614049E+02 
4.474893E+02 3.154774E+02 2.815205E+02 1.929891E+02 1.690759E+02 1.657820E+02 1.650693E+02 1.637687E+02 1.637151E+02 1.637149E+02 1.637149E+02 1.637149E+02 1.625411E+02 1.622968E+02 1.622968E+02 1.622968E+02 
3.072326E+02 2.666754E+02 2.074334E+02 1.779141E+02 1.708664E+02 1.669850E+02 1.632090E+02 1.627146E+02 1.627003E+02 1.627002E+02 1.627001E+02 1.627001E+02 1.593688E+02 1.593688E+02 1.593688E+02 1.593688E+02 
3.485863E+02 2.874895E+02 2.272695E+02 1.915391E+02 1.698048E+02 1.652722E+02 1.647432E+02 1.643085E+02 1.642742E+02 1.642699E+02 1.642699E+02 1.642694E+02 1.642694E+02 1.642694E+02 1.642694E+02 1.642694E+02 
3.783892E+02 3.377002E+02 2.796936E+02 2.267969E+02 1.945921E+02 1.689981E+02 1.645556E+02 1.628245E+02 1.627003E+02 1.627002E+02 1.627001E+02 1.593852E+02 1.593688E+02 1.593688E+02 1.593688E+02 1.593688E+02 
3.629889E+02 2.921415E+02 2.459758E+02 1.867164E+02 1.698208E+02 1.677161E+02 1.647111E+02 1.639286E+02 1.638791E+02 1.638778E+02 1.635339E+02 1.615280E+02 1.614049E+02 1.614049E+02 1.614049E+02 1.614049E+02 
4.819250E+02 4.764765E+02 2.184001E+02 1.755771E+02 1.700796E+02 1.678982E+02 1.646259E+02 1.639276E+02 1.638816E+02 1.638779E+02 1.636462E+02 1.626280E+02 1.614104E+02 1.614049E+02 1.614049E+02 1.614049E+02 
5.055741E+02 3.965170E+02 2.765820E+02 2.257758E+02 1.731500E+02 1.668542E+02 1.657311E+02 1.652451E+02 1.652129E+02 1.652126E+02 1.615475E+02 1.614354E+02 1.614354E+02 1.614354E+02 1.614353E+02 1.614353E+02 
3.971704E+02 3.853622E+02 2.472450E+02 1.970172E+02 1.730468E+02 1.659291E+02 1.648251E+02 1.639511E+02 1.639247E+02 1.639245E+02 1.639245E+02 1.614442E+02 1.614049E+02 1.614049E+02 1.614049E+02 1.614049E+02 
2.824598E+02 2.564746E+02 2.114959E+02 1.762574E+02 1.724351E+02 1.691101E+02 1.666630E+02 1.655971E+02 1.655523E+02 1.655504E+02 1.655501E+02 1.655501E+02 1.637079E+02 1.637059E+02 1.601838E+02 1.586192E+02 
3.543778E+02 3.024150E+02 2.391446E+02 1.931229E+02 1.707968E+02 1.681827E+02 1.656477E+02 1.650880E+02 1.650677E+02 1.650676E+02 1.650676E+02 1.650676E+02 1.650676E+02 1.650676E+02 1.650676E+02 1.650676E+02 
4.329996E+02 2.815716E+02 1.838311E+02 1.772985E+02 1.673742E+02 1.640540E+02 1.640540E+02 1.635273E+02 1.634782E+02 1.634777E+02 1.634777E+02 1.634777E+02 1.634777E+02 1.634777E+02 1.634777E+02 1.614049E+02 
3.374354E+02 2.409703E+02 2.260940E+02 1.912480E+02 1.712176E+02 1.683807E+02 1.656277E+02 1.649405E+02 1.649323E+02 1.649311E+02 1.649310E+02 1.649310E+02 1.649310E+02 1.649310E+02 1.649310E+02 1.649310E+02 
3.349771E+02 3.029841E+02 2.538611E+02 2.031124E+02 1.738340E+02 1.670312E+02 1.648539E+02 1.643689E+02 1.642684E+02 1.642658E+02 1.642658E+02 1.616801E+02 1.614354E+02 1.614354E+02 1.614354E+02 1.614354E+02 
2.522561E+02 2.522561E+02 2.001594E+02 1.806260E+02 1.707054E+02 1.670063E+02 1.656063E+02 1.650970E+02 1.650678E+02 1.650676E+02 1.650676E+02 1.650676E+02 1.650676E+02 1.650676E+02 1.650676E+02 1.650676E+02 
3.720517E+02 3.361709E+02 2.229328E+02 1.870746E+02 1.713218E+02 1.680203E+02 1.620862E+02 1.594369E+02 1.593691E+02 1.593688E+02 1.593688E+02 1.593688E+02 1.593688E+02 1.593688E+02 1.593688E+02 1.593688E+02 
3.721673E+02 2.535799E+02 2.202093E+02 1.773054E+02 1.700086E+02 1.686728E+02 1.657917E+02 1.631474E+02 1.629526E+02 1.629482E+02 1.629473E+02 1.629473E+02 1.629473E+02 1.629473E+02 1.629469E+02 1.629469E+02 
2.820873E+02 2.655623E+02 2.162551E+02 1.751473E+02 1.716886E+02 1.664551E+02 1.645715E+02 1.637102E+02 1.636410E+02 1.636409E+02 1.620008E+02 1.614353E+02 1.614353E+02 1.614353E+02 1.614353E+02 1.614353E+02 
3.943577E+02 3.896217E+02 2.326572E+02 1.940951E+02 1.736177E+02 1.668626E+02 1.643212E+02 1.632441E+02 1.631914E+02 1.631895E+02 1.631893E+02 1.631893E+02 1.625674E+02 1.625674E+02 1.625674E+02 1.625674E+02 
4.731646E+02 3.221538E+02 2.399587E+02 1.814152E+02 1.697813E+02 1.645013E+02 1.643828E+02 1.635197E+02 1.634949E+02 1.634949E+02 1.614052E+02 1.614049E+02 1.614049E+02 1.614049E+02 1.614049E+02 1.614049E+02 
2.509069E+02 2.338226E+02 2.263527E+02 1.818440E+02 1.726940E+02 1.633488E+02 1.612030E+02 1.596895E+02 1.595443E+02 1.595438E+02 1.595438E+02 1.595438E+02 1.595438E+02 1.595438E+02 1.595438E+02 1.595438E+02 
4.294555E+02 1.942582E+02 1.809223E+02 1.758035E+02 1.711601E+02 1.698632E+02 1.676379E+02 1.659433E+02 1.658474E+02 1.658462E+02 1.658461E+02 1.658461E+02 1.658461E+02 1.633351E+02 1.633328E+02 1.633323E+02 
3.675214E+02 2.088865E+02 2.088865E+02 1.748479E+02 1.714344E+02 1.668735E+02 1.659061E+02 1.650139E+02 1.649761E+02 1.649759E+02 1.649759E+02 1.649759E+02 1.649759E+02 1.649759E+02 1.649759E+02 1.614049E+02 
4.693056E+02 4.604365E+02 2.858156E+02 1.992516E+02 1.817068E+02 1.715793E+02 1.655495E+02 1.640075E+02 1.638796E+02 1.638787E+02 1.638782E+02 1.638781E+02 1.614049E+02 1.614049E+02 1.614049E+02 1.614049E+02 
3.157646E+02 2.929308E+02 2.929308E+02 2.484291E+02 1.744111E+02 1.640651E+02 1.640631E+02 1.635135E+02 1.634954E+02 1.634949E+02 1.627195E+02 1.625674E+02 1.625674E+02 1.625674E+02 1.625674E+02 1.625674E+02 
2.320911E+02 2.320911E+02 2.320911E+02 1.856217E+02 1.682390E+02 1.670475E+02 1.653428E+02 1.645650E+02 1.643000E+02 1.642726E+02 1.642715E+02 1.642715E+02 1.642701E+02 1.642701E+02 1.642699E+02 1.625674E+02 
2.727085E+02 2.718984E+02 2.208417E+02 1.874040E+02 1.717406E+02 1.678873E+02 1.652575E+02 1.647695E+02 1.646428E+02 1.646396E+02 1.646386E+02 1.646386E+02 1.639245E+02 1.614354E+02 1.614353E+02 1.614353E+02 
4.195607E+02 3.421562E+02 2.304160E+02 1.786737E+02 1.683254E+02 1.673938E+02 1.643915E+02 1.639172E+02 1.638793E+02 1.638781E+02 1.614124E+02 1.614049E+02 1.614049E+02 1.614049E+02 1.614049E+02 1.614049E+02 
2.302787E+02 2.302787E+02 2.046473E+02 1.762414E+02 1.705035E+02 1.645687E+02 1.643293E+02 1.636673E+02 1.636416E+02 1.636410E+02 1.614597E+02 1.614354E+02 1.614354E+02 1.614354E+02 1.614354E+02 1.614353E+02 
