1.005160E+04 9.174619E+03 9.174619E+03 6.020997E+03 2.902284E+03 5.587641E+02 1.640330E+02 2.893487E+01 2.847903E+01 2.843498E+01 2.841840E+01 9.404497E+00 2.152770E+00 2.152341E+00 1.178102E+00 1.177921E+00 
1.104420E+04 9.483183E+03 8.383535E+03 7.943058E+03 3.633590E+03 8.078365E+02 1.058535E+02 5.206859E+01 4.921714E+01 4.919514E+01 4.919408E+01 4.919209E+01 2.340736E+01 7.700080E+00 7.696226E+00 3.725521E+00 
1.090169E+04 1.090169E+04 9.894020E+03 7.099196E+03 5.127647E+03 2.491417E+03 5.882789E+02 4.898402E+01 3.800906E+01 3.798873E+01 1.526040E+01 2.906849E+00 2.906171E+00 2.906171E+00 2.906065E+00 2.906065E+00 
1.079087E+04 1.079087E+04 1.079087E+04 5.507910E+03 2.550909E+03 2.082892E+03 4.479872E+02 1.738871E+02 1.618091E+02 1.606288E+02 1.606112E+02 1.606074E+02 1.605932E+02 1.341091E+01 2.362779E+00 2.362299E+00 
1.174568E+04 6.516805E+03 6.516805E+03 6.516805E+03 3.581634E+03 1.289890E+03 1.260427E+02 2.634580E+01 2.479771E+01 2.479263E+01 2.479263E+01 2.479263E+01 6.280638E+00 6.273652E+00 7.238005E-01 7.237599E-01 
1.094119E+04 1.024627E+04 9.133908E+03 8.018759E+03 3.918090E+03 1.438810E+03 6.078763E+02 2.145824E+02 1.868117E+02 8.902651E+01 6.299340E+01 8.412614E+00 9.089025E-02 9.060683E-02 9.043789E-02 9.038730E-02 
1.222708E+04 1.222708E+04 9.832096E+03 4.180322E+03 2.821744E+03 1.798276E+03 1.410538E+02 4.921446E+01 4.614201E+01 4.609268E+01 1.686843E+01 1.686534E+01 1.686534E+01 1.686295E+01 1.686086E+01 1.543450E+00 
1.099206E+04 9.472261E+03 8.406171E+03 6.215656E+03 4.171592E+03 1.361666E+03 1.206805E+02 2.334506E+01 2.124021E+01 2.123778E+01 2.123778E+01 8.873379E+00 5.765376E+00 1.243450E+00 1.802730E-01 1.798827E-01 
1.282347E+04 1.282347E+04 8.103649E+03 4.282712E+03 4.041403E+03 1.479755E+03 3.468926E+02 1.528433E+02 1.390897E+02 1.233640E+02 6.578433E+01 6.559718E+01 6.557788E+01 2.254474E+01 5.903391E+00 4.555324E-01 
9.466196E+03 9.466196E+03 9.466196E+03 5.934926E+03 2.303429E+03 1.193938E+03 3.048232E+02 5.088591E+01 4.644579E+01 4.637855E+01 4.635865E+01 3.087369E+00 3.085646E+00 3.085040E+00 1.267423E+00 1.267423E+00 
1.371301E+04 1.335462E+04 7.928063E+03 6.218208E+03 3.555752E+03 1.973684E+03 8.690773E+01 2.613444E+01 2.452047E+01 2.451045E+01 2.451045E+01 2.451045E+01 2.451045E+01 1.461148E+01 2.087321E+00 2.086734E+00 
1.155718E+04 8.606022E+03 8.606022E+03 6.652873E+03 3.536019E+03 1.674073E+03 7.220709E+02 1.742068E+02 1.547835E+02 1.545586E+02 1.545539E+02 1.545539E+02 6.751653E+01 1.361524E+01 3.904803E+00 2.087218E+00 
1.247810E+04 1.086314E+04 1.012373E+04 4.466836E+03 3.260196E+03 1.758643E+03 4.507080E+02 1.242424E+02 1.204317E+02 1.202669E+02 4.688101E+01 4.235952E+01 1.107319E+01 1.106774E+01 5.243488E+00 5.243265E+00 
1.231835E+04 1.231835E+04 1.099165E+04 8.486617E+03 4.153656E+03 1.258114E+03 3.384562E+02 6.186541E+01 5.552461E+01 5.546617E+01 5.537209E+01 5.510509E+01 5.509521E+01 2.307561E+01 8.907059E+00 3.061672E+00 
1.059982E+04 1.059982E+04 8.113654E+03 5.412343E+03 4.545172E+03 1.603157E+03 3.532461E+02 9.369027E+01 8.537943E+01 8.526483E+01 2.368507E+01 2.350077E+01 2.350053E+01 5.337444E+00 5.335948E+00 5.335948E+00 
1.256306E+04 1.256306E+04 8.443107E+03 4.638070E+03 2.884126E+03 9.927338E+02 2.227027E+02 4.688347E+01 4.004289E+01 4.000050E+01 3.999583E+01 1.669262E+01 1.668388E+01 1.100549E+00 1.088792E+00 1.088532E+00 
1.276625E+04 1.046411E+04 9.157957E+03 7.959088E+03 3.599926E+03 9.896698E+02 1.404873E+02 3.590675E+01 3.450268E+01 3.449835E+01 3.449748E+01 2.027765E+01 2.027170E+01 6.090368E+00 6.089343E+00 6.089148E+00 
8.332461E+03 8.332461E+03 8.332461E+03 7.369450E+03 2.995844E+03 8.385952E+02 7.042751E+01 4.129892E+01 3.993696E+01 3.993117E+01 2.691523E+01 1.615674E+01 1.319093E+01 7.251169E+00 3.790842E+00 3.790512E+00 
7.978330E+03 7.978330E+03 7.978330E+03 4.988620E+03 3.830025E+03 1.472191E+03 4.471887E+02 1.086164E+02 1.067662E+02 8.378081E+01 5.180481E+01 5.167332E+01 3.216591E+01 6.406504E+00 2.541715E+00 1.799126E-01 
1.383860E+04 7.122400E+03 5.659378E+03 5.111790E+03 1.749270E+03 4.743787E+02 6.770308E+01 2.891540E+01 2.770597E+01 2.770142E+01 2.770142E+01 1.485641E+01 1.243551E+00 9.049694E-02 9.048860E-02 9.035282E-02 
6.901007E+03 6.901007E+03 6.901007E+03 5.945644E+03 3.467596E+03 9.197065E+02 4.273532E+01 1.367547E+01 1.336876E+01 1.336380E+01 1.336380E+01 1.336367E+01 1.336162E+01 3.726371E+00 3.725472E+00 3.725472E+00 
1.048925E+04 1.048925E+04 1.048925E+04 1.048925E+04 4.380617E+03 1.374344E+03 2.201026E+02 1.016986E+02 9.806993E+01 9.800744E+01 9.800312E+01 3.333524E+01 1.142746E+01 2.525378E+00 2.524880E+00 2.524714E+00 
1.027476E+04 9.180443E+03 7.368633E+03 4.125446E+03 3.143264E+03 9.901509E+02 3.888382E+02 7.035762E+01 6.612676E+01 6.605085E+01 6.604782E+01 6.604183E+01 6.603130E+01 1.139153E+01 7.494455E+00 1.787291E+00 
1.304885E+04 1.304885E+04 7.372043E+03 7.372043E+03 4.054761E+03 1.153526E+03 3.693103E+02 1.500121E+02 1.404044E+02 1.403163E+02 1.403125E+02 6.901954E+01 5.442769E+01 1.160698E+01 5.450056E-01 5.447241E-01 
1.226914E+04 1.226914E+04 1.137143E+04 9.003099E+03 4.155462E+03 1.888271E+03 3.133087E+02 6.927421E+01 6.609547E+01 3.511517E+01 2.991345E+01 1.204628E+01 1.204265E+01 6.512637E+00 2.636038E+00 2.631221E+00 
1.162155E+04 1.037032E+04 6.764046E+03 6.764046E+03 2.319579E+03 8.308069E+02 5.788650E+01 1.922986E+01 1.792024E+01 1.791088E+01 1.791088E+01 1.791088E+01 1.791037E+01 1.791037E+01 2.542185E+00 2.541412E+00 
1.428187E+04 1.279611E+04 1.034385E+04 6.787619E+03 2.811482E+03 8.574071E+02 2.347691E+02 6.121054E+01 5.660689E+01 2.290376E+01 2.203336E+01 2.203289E+01 2.203289E+01 2.203200E+01 2.203035E+01 3.450493E+00 
1.115196E+04 6.198378E+03 6.198378E+03 4.892686E+03 4.737308E+03 2.150001E+03 2.829919E+02 9.067149E+01 7.254106E+01 7.248887E+01 7.248425E+01 7.248037E+01 2.364829E+00 2.362805E+00 2.362805E+00 2.362586E+00 
1.040118E+04 9.314096E+03 7.830107E+03 7.671625E+03 2.146616E+03 1.019311E+03 3.936719E+02 7.013490E+01 6.310791E+01 6.303532E+01 6.303129E+01 6.303129E+01 6.303003E+01 3.341279E+01 1.559087E+01 4.974878E+00 
1.268887E+04 1.164007E+04 8.566982E+03 6.220138E+03 2.003853E+03 8.431902E+02 1.288325E+02 5.745634E+01 5.452675E+01 5.451769E+01 4.476931E+01 1.405936E+01 1.169687E+01 4.222432E+00 1.178035E+00 1.178035E+00 
