2.987306E+09 2.987306E+09 2.987306E+09 1.010826E+09 4.479988E+08 2.516967E+07 7.704317E+05 1.146981E+04 1.079919E+04 1.064885E+04 1.053397E+04 2.925914E+03 6.977913E+02 3.216328E+02 3.170450E+02 3.130597E+02 
4.948232E+09 4.850341E+09 1.878865E+09 1.325878E+09 2.381154E+08 4.437879E+07 6.013954E+05 9.658966E+03 8.825945E+03 8.681550E+03 5.208134E+03 3.700239E+02 3.627092E+02 3.398317E+02 3.220151E+02 3.129353E+02 
9.342226E+09 5.537683E+09 1.633177E+09 1.633177E+09 2.963759E+08 6.029975E+07 1.252621E+06 8.593150E+02 4.531025E+02 3.992485E+02 3.599892E+02 3.547902E+02 3.528530E+02 3.513912E+02 3.468269E+02 3.420710E+02 
6.167037E+09 6.016985E+09 3.305167E+09 1.063355E+09 4.320746E+08 3.480125E+07 3.965750E+05 4.712391E+03 3.895386E+03 3.823496E+03 3.782311E+03 3.266791E+03 2.206709E+02 2.192994E+02 2.188641E+02 2.184286E+02 
6.938291E+09 6.938291E+09 3.449019E+09 2.729481E+09 2.760717E+08 5.331464E+07 7.395231E+05 2.663667E+03 2.126234E+03 1.997416E+03 1.946738E+03 1.899573E+03 1.885599E+03 1.805325E+03 1.941445E+02 1.661343E+02 
6.125026E+09 6.125026E+09 6.125026E+09 1.520765E+09 3.258700E+08 2.528079E+07 6.774265E+05 2.510052E+03 2.222119E+03 2.081431E+03 2.017695E+03 1.886999E+03 1.748573E+03 1.518074E+03 1.016281E+03 8.996837E+02 
5.459449E+09 5.459449E+09 2.129979E+09 7.006317E+08 2.044468E+08 3.141865E+07 4.343240E+05 5.939609E+03 5.208418E+03 5.076053E+03 5.039125E+03 4.996503E+03 3.604298E+03 3.620595E+02 3.195520E+02 3.188202E+02 
7.698215E+09 6.420745E+09 3.338406E+09 2.021004E+09 5.112795E+08 5.096376E+07 5.212481E+05 4.665546E+03 3.660560E+03 3.498015E+03 2.924611E+03 1.736217E+02 1.735615E+02 1.735615E+02 1.735592E+02 1.733692E+02 
7.982059E+09 6.692087E+09 3.609983E+09 8.543919E+08 2.953519E+08 2.621352E+07 2.433939E+05 1.319796E+04 1.230883E+04 1.224091E+04 1.217769E+04 1.201954E+04 1.113630E+04 1.034675E+03 6.262900E+02 4.852426E+02 
7.489399E+09 6.806611E+09 2.951847E+09 1.519638E+09 3.069943E+08 4.018128E+07 9.093931E+05 7.268342E+03 6.591585E+03 6.462151E+03 6.393776E+03 4.126510E+03 2.735883E+02 2.494728E+02 2.377406E+02 2.372018E+02 
5.234582E+09 5.234582E+09 4.099761E+09 1.902294E+09 1.515694E+08 3.570264E+07 2.695469E+05 5.840653E+03 5.241006E+03 5.188018E+03 5.110391E+03 5.064470E+03 1.391956E+02 1.323017E+02 1.167393E+02 1.116186E+02 
8.274325E+09 8.156109E+09 6.766131E+09 2.265703E+09 2.175647E+08 1.104469E+07 9.107217E+05 1.971157E+04 1.931705E+04 1.919209E+04 1.910764E+04 5.282353E+03 5.249674E+03 2.319097E+03 1.985265E+03 2.026939E+02 
6.047827E+09 6.047827E+09 2.350776E+09 1.442400E+09 5.386089E+08 5.204124E+07 6.731992E+05 5.140073E+03 4.290429E+03 4.190047E+03 4.149443E+03 8.839945E+02 8.830514E+02 8.802822E+02 8.593858E+02 7.450873E+02 
4.781263E+09 4.628234E+09 4.044706E+09 9.890454E+08 9.492897E+08 1.556767E+08 8.053795E+05 1.933140E+03 1.048091E+03 9.702963E+02 9.124841E+02 8.755201E+02 8.297094E+02 8.149577E+02 6.020285E+02 3.579878E+02 
5.734262E+09 3.508124E+09 2.629561E+09 4.275022E+08 2.194705E+08 3.549959E+07 1.944688E+06 1.337682E+04 1.232014E+04 1.218876E+04 1.210475E+04 1.036885E+04 4.614038E+02 4.015849E+02 4.002821E+02 3.943908E+02 
9.191907E+09 2.688013E+09 2.688013E+09 1.091819E+09 2.362424E+08 2.638242E+07 6.893632E+05 4.248551E+03 3.528530E+03 3.421574E+03 3.355588E+03 3.160848E+03 3.057776E+03 1.202726E+03 1.133184E+03 4.200563E+02 
7.776305E+09 4.948508E+09 1.784818E+09 8.505697E+08 1.618638E+08 1.955932E+07 5.382521E+05 2.307493E+04 2.240567E+04 2.226845E+04 2.189046E+04 1.329943E+04 1.300219E+03 8.181561E+02 7.732784E+02 3.535155E+02 
9.492105E+09 6.208973E+09 4.914459E+09 9.248721E+08 2.502638E+08 7.002831E+07 1.114700E+06 3.105659E+03 2.094678E+03 2.013231E+03 1.966212E+03 1.940032E+03 1.643229E+03 9.053907E+01 4.632110E+01 4.591229E+01 
5.762540E+09 5.762540E+09 3.891461E+09 1.575611E+09 1.019918E+09 4.713058E+07 3.019977E+05 1.948432E+04 1.850527E+04 1.838565E+04 1.832944E+04 7.232811E+03 5.985077E+03 2.894044E+02 2.455208E+02 2.443562E+02 
3.849491E+09 3.849491E+09 1.554425E+09 7.602298E+08 1.193223E+08 1.672810E+07 1.142492E+06 1.825031E+03 1.344426E+03 1.283225E+03 1.231401E+03 1.174653E+03 2.274108E+02 1.971512E+02 1.963732E+02 1.953710E+02 
6.647850E+09 6.647850E+09 3.717778E+09 5.306041E+08 9.958033E+07 1.561095E+07 7.491256E+05 1.373884E+04 1.268401E+04 1.264573E+04 1.256236E+04 1.233122E+04 8.444102E+03 7.825573E+03 8.314379E+02 1.632679E+02 
4.995752E+09 4.995752E+09 2.654578E+09 1.284402E+09 2.571886E+08 1.500553E+07 2.449442E+05 1.150307E+03 2.841772E+02 2.290740E+02 1.858466E+02 1.803096E+02 1.700230E+02 1.641042E+02 1.627302E+02 1.358903E+02 
7.377984E+09 6.717459E+09 1.796665E+09 1.394028E+09 2.864338E+08 3.569607E+07 3.059584E+05 5.386095E+03 4.787468E+03 4.681692E+03 4.635191E+03 4.532497E+03 2.850113E+03 3.050430E+02 2.660073E+02 2.607012E+02 
5.493542E+09 4.835568E+09 2.952318E+09 1.426430E+09 2.374456E+08 2.804399E+07 5.236166E+05 4.297555E+03 3.256106E+03 3.208690E+03 3.134119E+03 3.002335E+03 1.867717E+03 1.742244E+03 1.645524E+03 1.291883E+02 
1.005076E+10 9.813026E+09 3.875552E+09 1.261937E+09 4.246896E+08 3.348776E+07 1.166078E+06 1.355778E+04 1.327819E+04 1.313948E+04 1.305647E+04 1.169643E+02 9.252129E+01 9.084991E+01 8.908250E+01 8.808575E+01 
4.440655E+09 4.440655E+09 3.792490E+09 1.156999E+09 3.010512E+08 5.332842E+07 7.689589E+05 1.084486E+03 3.198345E+02 2.233217E+02 1.929289E+02 1.785742E+02 1.779434E+02 1.745665E+02 1.707823E+02 1.699041E+02 
6.788486E+09 6.464560E+09 4.506758E+09 1.367653E+09 4.168982E+08 2.613110E+07 3.746507E+05 1.515700E+03 1.115550E+03 9.827547E+02 9.285717E+02 9.224892E+02 9.203088E+02 1.458932E+02 1.235761E+02 9.191062E+01 
5.082762E+09 4.333774E+09 4.333774E+09 8.328075E+08 1.757410E+08 4.652948E+07 1.006725E+06 3.929187E+03 3.529628E+03 3.400489E+03 3.338119E+03 3.286698E+03 3.180464E+03 2.028400E+02 1.218115E+02 1.165678E+02 
4.657198E+09 2.828852E+09 1.489233E+09 7.715458E+08 1.647251E+08 6.714496E+07 9.190030E+05 1.139353E+03 5.222122E+02 4.472963E+02 4.209808E+02 3.762523E+02 3.749040E+02 3.742149E+02 3.543062E+02 3.310512E+02 
7.313798E+09 5.434100E+09 5.434100E+09 1.475260E+09 3.203084E+08 5.685135E+07 9.444630E+05 7.516714E+03 6.424490E+03 6.271124E+03 6.189541E+03 1.663319E+02 1.658020E+02 1.643069E+02 1.636057E+02 1.628610E+02 
