3.278882E+04 3.278882E+04 2.999822E+04 1.089711E+04 1.089711E+04 1.089711E+04 2.758030E+03 1.046448E+03 1.148073E+01 1.332666E-03 3.078707E-04 3.078707E-04 3.078707E-04 3.078707E-04 3.078707E-04 3.078707E-04 
1.594849E+05 2.860317E+04 2.134788E+04 2.134788E+04 2.134788E+04 1.182429E+04 3.574498E+03 1.433736E+03 8.671534E+00 1.728329E-03 2.544214E-04 2.544214E-04 2.544214E-04 2.544214E-04 2.544214E-04 2.544214E-04 
8.066360E+04 4.426787E+04 4.426787E+04 7.715179E+03 7.715179E+03 7.715179E+03 6.878610E+03 2.317585E+03 3.704174E+01 7.553360E-03 1.607673E-04 1.607673E-04 1.607673E-04 1.607673E-04 1.607673E-04 1.607673E-04 
3.008397E+04 3.008397E+04 2.271069E+04 1.938615E+04 1.268403E+04 1.268403E+04 1.268403E+04 2.211335E+03 1.716809E+01 6.829988E-03 1.819209E-04 1.819209E-04 1.819209E-04 1.819209E-04 1.819209E-04 1.819209E-04 
3.032418E+04 3.032418E+04 3.032418E+04 3.032418E+04 2.670618E+04 1.713330E+04 5.337379E+03 3.789418E+03 9.152447E+00 1.781024E-03 3.322851E-04 3.322851E-04 3.322851E-04 3.322851E-04 3.322851E-04 3.322851E-04 
2.605333E+04 2.605333E+04 2.605333E+04 2.493674E+04 2.061443E+04 2.061179E+04 1.972810E+04 5.678435E+03 7.540263E+01 7.200485E-01 1.549359E-04 1.549359E-04 1.549359E-04 1.549359E-04 1.549359E-04 1.549359E-04 
4.925120E+04 4.925120E+04 2.048614E+04 2.048614E+04 2.048614E+04 1.069970E+04 8.497146E+03 6.923135E+02 1.714268E+01 1.307460E-03 1.427277E-04 1.427277E-04 1.427277E-04 1.427277E-04 1.427277E-04 1.427277E-04 
5.012152E+04 5.012152E+04 5.012152E+04 4.874763E+04 3.601856E+04 1.095535E+04 1.095535E+04 1.567826E+03 1.052043E+02 4.652605E-01 1.763859E-04 1.763859E-04 1.763859E-04 1.763859E-04 1.763859E-04 1.763859E-04 
4.443250E+04 4.443250E+04 3.671984E+04 2.106229E+04 1.691659E+04 1.373536E+04 8.488320E+03 1.423036E+03 1.582517E+01 2.008765E-03 2.726147E-04 2.726147E-04 2.726147E-04 2.726147E-04 2.726147E-04 2.726147E-04 
5.972889E+04 3.845527E+04 2.713793E+04 1.899427E+04 1.761346E+04 5.349486E+03 2.176454E+03 2.567930E+02 5.437102E-01 1.097373E-03 2.352657E-04 2.352657E-04 2.352657E-04 2.352657E-04 2.352657E-04 2.352657E-04 
3.952798E+04 2.283991E+04 1.456775E+04 1.456775E+04 1.253505E+04 1.253505E+04 5.482773E+03 2.033286E+03 6.951308E+00 1.563446E-03 3.150632E-04 3.150632E-04 3.150632E-04 3.150632E-04 3.150632E-04 3.150632E-04 
2.480677E+04 2.480677E+04 2.480677E+04 2.266095E+04 1.861515E+04 9.112525E+03 9.112525E+03 5.502196E+03 1.328101E+01 1.363085E-03 2.753863E-04 2.753863E-04 2.753863E-04 2.753863E-04 2.753863E-04 2.753863E-04 
4.343503E+04 4.323693E+04 3.394005E+04 3.394005E+04 1.994188E+04 1.391673E+04 1.391673E+04 2.244275E+03 1.734674E+01 1.211595E-03 4.489235E-04 4.489235E-04 4.489235E-04 4.489235E-04 4.489235E-04 4.489235E-04 
1.456706E+05 7.519124E+04 4.118095E+04 2.310108E+04 2.296338E+04 1.077722E+04 6.237071E+03 7.904688E+02 7.007418E+00 1.223797E-03 2.756651E-04 2.756651E-04 2.756651E-04 2.756651E-04 2.756651E-04 2.756651E-04 
5.235944E+04 5.235944E+04 3.300158E+04 2.409389E+04 1.943587E+04 1.522801E+04 1.522801E+04 3.816955E+03 3.579474E+00 1.441681E-03 2.343738E-04 2.343738E-04 2.343738E-04 2.343738E-04 2.343738E-04 2.343738E-04 
1.337209E+05 4.364633E+04 2.607866E+04 1.912637E+04 1.039635E+04 5.458287E+03 5.458287E+03 1.538919E+03 6.489240E+00 1.425586E-03 2.912447E-04 2.912447E-04 2.912447E-04 2.912447E-04 2.912447E-04 2.912447E-04 
3.675490E+04 2.348519E+04 2.348519E+04 2.348519E+04 2.348519E+04 2.058062E+04 1.385498E+04 5.782275E+03 1.479777E+02 2.810711E+00 2.850174E-04 1.429736E-04 1.429736E-04 1.429736E-04 1.429736E-04 1.429736E-04 
4.111064E+04 3.361177E+04 2.501007E+04 1.962179E+04 1.962179E+04 9.753854E+03 6.432766E+03 2.120286E+03 1.013875E+02 7.156202E-03 1.569950E-04 1.569950E-04 1.569950E-04 1.569950E-04 1.569950E-04 1.569950E-04 
4.246930E+04 4.246930E+04 4.246930E+04 1.974791E+04 1.974791E+04 1.079958E+04 3.805848E+03 3.805848E+03 3.408963E+02 3.718941E+00 2.132146E-04 1.764692E-04 1.764692E-04 1.764692E-04 1.764692E-04 1.764692E-04 
3.813256E+04 2.227333E+04 2.227333E+04 1.063489E+04 1.063489E+04 1.063489E+04 7.569860E+03 4.827006E+03 9.214792E-01 1.449011E-03 5.543712E-04 5.543712E-04 5.543712E-04 5.543712E-04 5.543712E-04 5.543712E-04 
5.250256E+04 1.795777E+04 1.703405E+04 1.703405E+04 1.536832E+04 1.536832E+04 1.191894E+04 1.858405E+03 2.332658E+01 3.420825E-02 2.358683E-04 2.358683E-04 2.358683E-04 2.358683E-04 2.358683E-04 2.358683E-04 
2.490844E+04 2.490844E+04 2.289406E+04 2.289406E+04 1.261028E+04 1.261028E+04 5.469838E+03 5.695639E+02 6.286611E-01 1.268691E-03 3.658774E-04 3.658774E-04 3.658774E-04 3.658774E-04 3.658774E-04 3.658774E-04 
5.912869E+04 3.104519E+04 3.104519E+04 2.979330E+04 2.156991E+04 1.081594E+04 9.222663E+03 1.863490E+03 5.783442E+01 3.704082E-01 2.365501E-04 1.609150E-04 1.609150E-04 1.609150E-04 1.609150E-04 1.609150E-04 
2.068188E+04 2.068188E+04 2.068188E+04 2.068188E+04 2.068188E+04 2.068188E+04 1.376171E+04 1.709981E+03 2.395880E+00 1.284377E-03 3.398273E-04 3.398273E-04 3.398273E-04 3.398273E-04 3.398273E-04 3.398273E-04 
4.122998E+04 4.122998E+04 3.837755E+04 3.837755E+04 2.650205E+04 2.277861E+04 1.811510E+04 9.207903E+03 2.902333E+02 2.637540E-01 2.830666E-04 2.189726E-04 2.189726E-04 2.189726E-04 2.189726E-04 2.189726E-04 
2.718378E+04 2.233815E+04 2.233815E+04 1.646503E+04 1.646503E+04 1.646503E+04 9.865603E+03 5.239611E+03 2.684371E+02 2.152473E+01 3.929702E-04 1.091204E-04 1.091204E-04 1.091204E-04 1.091204E-04 1.091204E-04 
5.093075E+04 5.093075E+04 5.093075E+04 2.211891E+04 1.357669E+04 1.036143E+04 9.423204E+03 3.999858E+03 1.469636E+01 1.879732E-03 2.694820E-04 2.694820E-04 2.694820E-04 2.694820E-04 2.694820E-04 2.694820E-04 
2.443241E+04 1.944638E+04 1.944638E+04 1.944638E+04 1.944638E+04 1.788232E+04 8.610807E+03 1.457684E+03 8.631400E+00 1.662044E-03 3.000373E-04 3.000373E-04 3.000373E-04 3.000373E-04 3.000373E-04 3.000373E-04 
2.233171E+04 2.233171E+04 2.233171E+04 1.778888E+04 1.778888E+04 1.778888E+04 7.493631E+03 1.698024E+03 7.828389E+00 1.185186E-03 2.103961E-04 2.103961E-04 2.103961E-04 2.103961E-04 2.103961E-04 2.103961E-04 
2.935972E+04 2.935972E+04 2.913103E+04 2.535080E+04 2.119308E+04 2.119308E+04 8.384785E+03 9.807777E+02 4.158143E+01 2.600741E-03 1.455832E-04 1.455832E-04 1.455832E-04 1.455832E-04 1.455832E-04 1.455832E-04 
