2.092371E+02 1.997601E+02 1.237383E+02 7.872891E+01 4.583030E+01 4.583030E+01 3.072793E+01 3.015720E+01 2.244485E+01 2.112127E+01 2.100370E+01 2.089432E+01 2.089432E+01 2.088349E+01 2.088349E+01 2.088349E+01 
1.976690E+02 1.976690E+02 8.731632E+01 6.543041E+01 4.832400E+01 4.832400E+01 4.242812E+01 2.912611E+01 2.758599E+01 2.045553E+01 2.030979E+01 2.024740E+01 2.024740E+01 2.024740E+01 2.023305E+01 2.023305E+01 
4.523237E+02 2.957087E+02 1.087992E+02 7.325921E+01 3.823768E+01 3.407114E+01 3.407114E+01 3.405270E+01 2.653611E+01 2.367877E+01 2.073278E+01 2.068607E+01 2.068607E+01 2.066852E+01 2.066852E+01 2.066852E+01 
2.393170E+02 1.018177E+02 7.012391E+01 5.310206E+01 4.670507E+01 3.993405E+01 3.022363E+01 3.022363E+01 2.382905E+01 2.063393E+01 2.024246E+01 2.020250E+01 2.020250E+01 2.020250E+01 2.019896E+01 2.019623E+01 
1.190226E+02 1.190226E+02 1.190226E+02 7.306697E+01 4.853404E+01 3.526240E+01 3.251408E+01 2.942712E+01 2.728959E+01 2.563182E+01 2.191556E+01 2.087503E+01 2.085019E+01 2.084338E+01 2.082489E+01 2.081789E+01 
1.976054E+02 1.232989E+02 1.232989E+02 7.649324E+01 3.934788E+01 3.394299E+01 3.394299E+01 3.089739E+01 2.847138E+01 2.300331E+01 2.027651E+01 2.023860E+01 2.023860E+01 2.022190E+01 2.022190E+01 2.022190E+01 
2.546391E+02 1.769092E+02 8.662294E+01 6.975145E+01 4.729511E+01 4.099196E+01 3.923899E+01 3.080857E+01 2.663542E+01 2.123396E+01 2.026485E+01 2.026029E+01 2.025070E+01 2.023931E+01 2.023931E+01 2.022500E+01 
1.020268E+02 1.020268E+02 1.010943E+02 5.400195E+01 4.343436E+01 4.343436E+01 3.055717E+01 2.865641E+01 2.418969E+01 1.107769E+01 6.227326E+00 6.189461E+00 3.414788E+00 8.199032E-01 8.035685E-01 7.866479E-01 
6.099122E+01 6.099122E+01 5.740934E+01 4.787151E+01 4.293654E+01 4.017913E+01 2.908793E+01 2.908793E+01 2.319982E+01 2.166203E+01 2.160787E+01 2.156113E+01 2.156113E+01 2.155886E+01 2.155886E+01 2.154508E+01 
2.857725E+02 2.857725E+02 1.019517E+02 5.525186E+01 4.410501E+01 4.410501E+01 3.619383E+01 3.082696E+01 2.615314E+01 2.615314E+01 9.242910E+00 8.647959E+00 2.847185E+00 3.628647E-01 2.432050E-01 2.316704E-01 
2.369011E+02 2.241795E+02 1.154738E+02 5.034183E+01 5.034183E+01 3.983914E+01 3.348987E+01 3.331476E+01 2.671097E+01 2.448098E+01 2.050027E+01 2.006409E+01 2.006409E+01 2.006232E+01 2.005595E+01 2.005595E+01 
2.062497E+02 1.293326E+02 1.021485E+02 6.155339E+01 6.100512E+01 4.546010E+01 3.890752E+01 2.713563E+01 2.713563E+01 2.474450E+01 2.095047E+01 2.040448E+01 2.040448E+01 2.038479E+01 2.038479E+01 2.038300E+01 
4.422751E+01 4.422751E+01 4.422751E+01 4.422751E+01 4.422751E+01 3.464958E+01 3.103490E+01 2.833314E+01 2.833314E+01 2.368859E+01 2.112145E+01 2.088784E+01 2.088784E+01 2.085594E+01 2.085594E+01 2.083314E+01 
4.755670E+02 4.755670E+02 2.101600E+02 5.925069E+01 5.925069E+01 3.692790E+01 3.692790E+01 2.614715E+01 2.614715E+01 2.614715E+01 2.255339E+01 2.114464E+01 2.114464E+01 2.113718E+01 2.113183E+01 2.111443E+01 
3.287418E+02 1.455821E+02 5.278204E+01 5.238461E+01 4.467662E+01 3.369816E+01 3.205870E+01 3.101989E+01 2.294164E+01 2.093298E+01 2.081435E+01 2.076814E+01 2.075088E+01 2.075088E+01 2.075088E+01 2.075088E+01 
3.211914E+02 1.206696E+02 1.129069E+02 5.785259E+01 5.785259E+01 4.106631E+01 4.106631E+01 3.790873E+01 3.075465E+01 2.479291E+01 2.251527E+01 2.203909E+01 2.203909E+01 2.200633E+01 1.803809E+00 1.769262E+00 
1.170167E+02 1.170167E+02 1.170167E+02 6.774172E+01 4.455405E+01 4.304923E+01 2.885383E+01 2.885383E+01 2.400971E+01 2.185697E+01 2.101256E+01 2.092438E+01 2.092438E+01 2.092272E+01 2.092272E+01 2.091946E+01 
8.751723E+01 8.751723E+01 7.257647E+01 5.434670E+01 3.819537E+01 3.427027E+01 3.427027E+01 3.427027E+01 1.209855E+01 5.288685E-01 3.445636E-01 2.756654E-01 2.675514E-01 2.492524E-01 2.492524E-01 2.473698E-01 
2.050366E+02 1.431674E+02 1.431674E+02 5.364761E+01 3.670935E+01 3.670935E+01 3.044197E+01 3.044197E+01 3.044197E+01 2.743823E+01 2.526819E+01 2.063386E+01 2.063386E+01 2.059813E+01 2.059219E+01 2.058727E+01 
1.536784E+02 4.703800E+01 4.703800E+01 4.703800E+01 4.419534E+01 4.083807E+01 4.083807E+01 1.316334E+01 5.958749E+00 2.569442E+00 2.497018E+00 2.453036E+00 2.445759E+00 2.246048E+00 2.238873E+00 2.238873E+00 
3.700015E+02 3.700015E+02 6.842342E+01 3.477062E+01 3.477062E+01 3.477062E+01 3.477062E+01 2.837818E+01 2.695831E+01 2.188633E+01 2.035808E+01 2.014218E+01 2.014218E+01 2.011290E+01 2.011290E+01 2.011290E+01 
9.372819E+01 9.372819E+01 5.608205E+01 4.089969E+01 4.089969E+01 3.402369E+01 3.402369E+01 2.413638E+01 2.195709E+01 1.972406E+00 1.224237E+00 1.192583E+00 1.010457E+00 9.910658E-01 9.816399E-01 9.795077E-01 
4.484651E+01 4.484651E+01 4.484651E+01 4.484651E+01 4.484651E+01 3.285395E+01 3.050071E+01 2.337875E+01 5.974525E+00 2.347312E+00 2.165627E+00 1.221060E+00 1.162412E+00 1.143638E+00 1.127420E+00 1.086424E+00 
2.926169E+02 2.304263E+02 1.079720E+02 4.138951E+01 3.975273E+01 3.046390E+01 3.046390E+01 3.046390E+01 2.851922E+01 1.738439E+00 3.374993E-01 3.164846E-01 3.087797E-01 2.902316E-01 2.780128E-01 2.780128E-01 
1.492675E+02 1.492675E+02 4.368331E+01 4.368331E+01 3.943245E+01 3.943245E+01 3.597160E+01 2.400219E+01 2.400219E+01 3.893943E+00 3.043931E+00 2.990653E+00 2.990653E+00 2.959764E+00 2.959764E+00 2.952015E+00 
6.097846E+01 6.097846E+01 6.097846E+01 6.097846E+01 4.996238E+01 4.703095E+01 3.032640E+01 2.995689E+01 1.450590E+01 8.093296E+00 7.424266E+00 7.360854E+00 8.466416E-01 7.927310E-01 7.927310E-01 7.927310E-01 
1.626768E+02 3.899666E+01 3.899666E+01 3.899666E+01 3.899666E+01 3.470687E+01 3.121923E+01 3.035580E+01 2.574409E+01 2.369195E+01 2.174633E+01 2.168257E+01 2.168257E+01 2.166822E+01 2.166241E+01 2.165438E+01 
1.133142E+02 1.133142E+02 5.391992E+01 5.391992E+01 5.391992E+01 3.493401E+01 2.972706E+01 2.972706E+01 2.653902E+01 2.266593E+01 2.101215E+01 2.097003E+01 2.096224E+01 2.095181E+01 2.095181E+01 2.095181E+01 
2.858712E+02 2.469333E+02 9.873545E+01 6.716112E+01 4.012749E+01 3.095301E+01 2.925037E+01 2.925037E+01 2.821506E+01 2.276322E+01 2.016316E+01 2.011105E+01 2.011105E+01 2.010139E+01 2.008570E+01 2.008056E+01 
3.211291E+02 1.836904E+02 4.168240E+01 4.168240E+01 4.168240E+01 4.019856E+01 2.980706E+01 2.685537E+01 2.111460E+01 2.051705E+01 2.047129E+01 2.040837E+01 2.040837E+01 2.040315E+01 2.040315E+01 2.040315E+01 
