2.285174E+03 1.944216E+03 9.410022E+02 6.700698E+02 3.515811E+02 2.366456E+02 1.856426E+02 1.808035E+02 1.807821E+02 1.807817E+02 1.807816E+02 1.807815E+02 1.807815E+02 1.807814E+02 1.807814E+02 1.807814E+02 
1.357808E+03 1.357808E+03 9.046049E+02 7.272325E+02 3.145267E+02 2.172632E+02 1.831959E+02 1.808887E+02 1.808390E+02 1.807986E+02 1.807865E+02 1.807823E+02 1.807819E+02 1.807818E+02 1.807816E+02 1.807814E+02 
6.476834E+02 6.476834E+02 6.476834E+02 4.720370E+02 4.280718E+02 3.727823E+02 2.659286E+02 1.978202E+02 1.841090E+02 1.809334E+02 1.807925E+02 1.807824E+02 1.807817E+02 1.807816E+02 1.807814E+02 1.807814E+02 
1.266736E+03 1.266736E+03 9.052013E+02 6.924807E+02 3.340452E+02 2.303597E+02 1.882354E+02 1.817266E+02 1.811828E+02 1.808094E+02 1.807848E+02 1.807820E+02 1.807816E+02 1.807814E+02 1.807814E+02 1.807814E+02 
1.135537E+03 5.167477E+02 5.167477E+02 4.515046E+02 2.728428E+02 2.105868E+02 1.857944E+02 1.812162E+02 1.809007E+02 1.807988E+02 1.807833E+02 1.807824E+02 1.807822E+02 1.807817E+02 1.807815E+02 1.807814E+02 
1.474794E+03 8.968383E+02 8.354945E+02 6.485580E+02 4.844600E+02 2.274195E+02 1.888790E+02 1.810840E+02 1.808993E+02 1.807991E+02 1.807855E+02 1.807828E+02 1.807818E+02 1.807815E+02 1.807814E+02 1.807814E+02 
1.880012E+03 1.023306E+03 5.432976E+02 4.622192E+02 3.160967E+02 2.139520E+02 1.842286E+02 1.812976E+02 1.808955E+02 1.807985E+02 1.807845E+02 1.807828E+02 1.807821E+02 1.807816E+02 1.807815E+02 1.807814E+02 
1.927208E+03 1.368141E+03 1.123953E+03 6.052381E+02 3.633506E+02 2.507599E+02 1.977685E+02 1.811284E+02 1.807825E+02 1.807822E+02 1.807819E+02 1.807818E+02 1.807815E+02 1.807815E+02 1.807814E+02 1.807814E+02 
1.217169E+03 1.207808E+03 1.050914E+03 6.190903E+02 2.479023E+02 2.086342E+02 1.861241E+02 1.808222E+02 1.807960E+02 1.807841E+02 1.807832E+02 1.807823E+02 1.807817E+02 1.807815E+02 1.807814E+02 1.807814E+02 
2.217880E+03 1.731748E+03 1.036605E+03 7.310582E+02 4.237290E+02 2.151169E+02 1.934091E+02 1.809119E+02 1.807845E+02 1.807827E+02 1.807820E+02 1.807817E+02 1.807817E+02 1.807815E+02 1.807814E+02 1.807814E+02 
8.948603E+02 8.948603E+02 8.948603E+02 7.257692E+02 5.071922E+02 3.286691E+02 1.976393E+02 1.817968E+02 1.808969E+02 1.808197E+02 1.807863E+02 1.807824E+02 1.807819E+02 1.807818E+02 1.807815E+02 1.807814E+02 
1.275737E+03 1.275737E+03 1.275737E+03 7.439727E+02 3.661731E+02 2.635307E+02 2.021642E+02 1.810883E+02 1.808228E+02 1.807973E+02 1.807865E+02 1.807825E+02 1.807816E+02 1.807815E+02 1.807814E+02 1.807814E+02 
1.255399E+03 1.255399E+03 1.184826E+03 7.426367E+02 3.272730E+02 2.195707E+02 1.899577E+02 1.820073E+02 1.810990E+02 1.808229E+02 1.807880E+02 1.807832E+02 1.807817E+02 1.807815E+02 1.807814E+02 1.807814E+02 
1.594261E+03 1.546486E+03 1.011144E+03 8.649656E+02 3.869003E+02 2.222029E+02 1.859885E+02 1.815008E+02 1.809384E+02 1.808065E+02 1.807891E+02 1.807820E+02 1.807816E+02 1.807815E+02 1.807814E+02 1.807813E+02 
9.630595E+02 9.630595E+02 7.208230E+02 4.434231E+02 2.816153E+02 2.195924E+02 1.909973E+02 1.809677E+02 1.808252E+02 1.807936E+02 1.807867E+02 1.807834E+02 1.807823E+02 1.807814E+02 1.807814E+02 1.807813E+02 
1.331806E+03 1.331806E+03 1.192564E+03 6.949219E+02 4.167236E+02 2.549718E+02 1.879417E+02 1.809899E+02 1.808505E+02 1.807913E+02 1.807844E+02 1.807824E+02 1.807816E+02 1.807814E+02 1.807814E+02 1.807813E+02 
1.821835E+03 1.518779E+03 9.243626E+02 4.506963E+02 3.411691E+02 2.439642E+02 2.030353E+02 1.839521E+02 1.818645E+02 1.808179E+02 1.807824E+02 1.807819E+02 1.807817E+02 1.807815E+02 1.807814E+02 1.807814E+02 
1.270528E+03 9.162495E+02 8.044415E+02 7.037118E+02 5.131396E+02 2.029435E+02 1.834712E+02 1.808516E+02 1.807969E+02 1.807870E+02 1.807819E+02 1.807818E+02 1.807816E+02 1.807815E+02 1.807813E+02 1.807813E+02 
8.601908E+02 8.601908E+02 6.853128E+02 4.468075E+02 3.455897E+02 2.264150E+02 1.866580E+02 1.808368E+02 1.807988E+02 1.807885E+02 1.807844E+02 1.807826E+02 1.807820E+02 1.807817E+02 1.807815E+02 1.807814E+02 
1.771462E+03 7.428632E+02 7.428632E+02 7.428632E+02 4.318562E+02 3.083064E+02 2.136360E+02 1.810017E+02 1.807852E+02 1.807831E+02 1.807822E+02 1.807819E+02 1.807815E+02 1.807815E+02 1.807814E+02 1.807814E+02 
1.055567E+03 1.055567E+03 9.394971E+02 5.702834E+02 4.432676E+02 3.765446E+02 2.613083E+02 1.831707E+02 1.815215E+02 1.808985E+02 1.807843E+02 1.807828E+02 1.807821E+02 1.807816E+02 1.807815E+02 1.807814E+02 
1.246648E+03 1.246648E+03 1.023746E+03 8.176389E+02 3.516334E+02 2.621335E+02 1.860540E+02 1.817284E+02 1.808792E+02 1.807955E+02 1.807864E+02 1.807828E+02 1.807819E+02 1.807816E+02 1.807815E+02 1.807814E+02 
1.219290E+03 1.072805E+03 7.898696E+02 3.947086E+02 2.819541E+02 2.064096E+02 1.853197E+02 1.813715E+02 1.808483E+02 1.807876E+02 1.807832E+02 1.807819E+02 1.807818E+02 1.807816E+02 1.807814E+02 1.807814E+02 
2.027949E+03 1.470585E+03 1.007179E+03 7.355055E+02 3.609192E+02 2.454974E+02 1.930249E+02 1.823481E+02 1.812203E+02 1.807896E+02 1.807833E+02 1.807824E+02 1.807819E+02 1.807815E+02 1.807814E+02 1.807813E+02 
1.454791E+03 1.310191E+03 1.053199E+03 5.203941E+02 3.548272E+02 2.318442E+02 1.971803E+02 1.830116E+02 1.811856E+02 1.808438E+02 1.807856E+02 1.807825E+02 1.807816E+02 1.807814E+02 1.807814E+02 1.807813E+02 
1.356023E+03 1.295965E+03 1.295965E+03 6.981548E+02 3.629692E+02 2.004333E+02 1.820986E+02 1.810667E+02 1.808287E+02 1.807854E+02 1.807822E+02 1.807817E+02 1.807816E+02 1.807815E+02 1.807814E+02 1.807814E+02 
1.385383E+03 1.172822E+03 1.139131E+03 5.648060E+02 3.577157E+02 2.353124E+02 1.893977E+02 1.811107E+02 1.808854E+02 1.807852E+02 1.807829E+02 1.807823E+02 1.807817E+02 1.807816E+02 1.807815E+02 1.807814E+02 
1.311245E+03 1.222527E+03 7.847295E+02 5.041219E+02 2.943445E+02 2.086041E+02 1.871771E+02 1.808650E+02 1.807933E+02 1.807822E+02 1.807820E+02 1.807816E+02 1.807816E+02 1.807815E+02 1.807814E+02 1.807814E+02 
1.230045E+03 9.356353E+02 9.356353E+02 5.233090E+02 4.155214E+02 2.757190E+02 1.846214E+02 1.809521E+02 1.808241E+02 1.807890E+02 1.807821E+02 1.807820E+02 1.807817E+02 1.807815E+02 1.807814E+02 1.807814E+02 
1.314757E+03 1.248055E+03 4.749460E+02 4.237040E+02 2.879964E+02 2.216975E+02 1.849075E+02 1.808233E+02 1.807830E+02 1.807824E+02 1.807817E+02 1.807816E+02 1.807815E+02 1.807814E+02 1.807814E+02 1.807814E+02 
